Zipcode,Median Income ,Old Median Income,Growth
00601,5397,5477,-80
00602,12858,13241,-383
00603,19295,17518,1777
00606,1968,1754,214
00610,8934,9181,-247
00611,514,23268,-22754
00612,23319,3574,19745
00616,3342,8046,-4704
00617,7820,2027,5793
00622,2789,13321,-10532
00623,13933,7935,5998
00624,7194,10987,-3793
00627,11367,556,10811
00631,396,7500,-7104
00636,296,5668,-5372
00637,7005,9641,-2636
00638,6032,12185,-6153
00641,8724,1807,6917
00646,11863,4558,7305
00647,1927,1159,768
00650,5157,4004,1153
00652,1250,6569,-5319
00653,3591,13109,-9518
00656,6513,6334,179
00659,13214,14229,-1015
00660,6220,4840,1380
00662,13974,8345,5629
00664,5120,9541,-4421
00667,7849,3270,4579
00669,9745,15558,-5813
00670,2639,11484,-8845
00674,14437,5491,8946
00676,13032,9048,3984
00677,5763,20354,-14591
00678,8985,11387,-2402
00680,17636,11396,6240
00682,11916,12166,-250
00683,10721,9138,1583
00685,14152,3876,10276
00687,9654,1929,7725
00688,4066,10896,-6830
00690,2187,17668,-15481
00692,11537,80,11457
00693,20194,11997,8197
00694,28,8928,-8900
00698,11647,2873,8774
00703,9057,8486,571
00704,2543,4001,-1458
00705,8683,6059,2624
00707,3845,1310,2535
00714,6147,11651,-5504
00715,801,7369,-6568
00716,11125,8378,2747
00717,6398,8274,-1876
00718,8105,6858,1247
00719,8456,6173,2283
00720,6495,30765,-24270
00723,5882,19203,-13321
00725,29994,13362,16632
00727,19267,16178,3089
00728,13021,13254,-233
00729,16529,4581,11948
00730,12806,4402,8404
00731,3933,16924,-12991
00735,4129,12439,-8310
00736,17400,12066,5334
00738,11564,566,10998
00739,11792,1633,10159
00740,643,17126,-16483
00741,1394,7857,-6463
00745,15803,13052,2751
00751,7538,7646,-108
00754,13248,2888,10360
00757,7203,7722,-519
00765,2374,11671,-9297
00766,7873,12924,-5051
00767,12011,11549,462
00769,12975,6636,6339
00771,11857,6714,5143
00772,6580,463,6117
00773,6803,12597,-5794
00775,489,13521,-13032
00777,13352,4084,9268
00778,14448,5711,8737
00780,4443,10500,-6057
00782,5130,14176,-9046
00783,10531,152,10379
00784,13947,16769,-2822
00786,81,9037,-8956
00791,16356,15461,895
00794,8731,2536,6195
00795,14486,22,14464
00901,3133,8162,-5029
00906,91,2387,-2296
00907,8334,3790,4544
00909,2239,2501,-262
00911,3656,3466,190
00912,2691,11801,-9110
00913,3040,8457,-5417
00915,10602,7521,3081
00917,8100,7443,657
00918,7633,14079,-6446
00920,6911,11130,-4219
00921,13552,20118,-6566
00923,10278,2856,7422
00924,19048,38084,-19036
00925,2964,6280,-3316
00926,35788,79,35709
00927,5936,0,5936
00934,27,27566,-27539
00949,25663,0,25663
00950,0,16,-16
00951,149,3412,-3263
00952,2842,21765,-18923
00953,21990,26689,-4699
00956,23846,15415,8431
00957,14799,18145,-3346
00959,17329,0,17329
00960,0,11434,-11434
00961,11292,7417,3875
00962,7567,3161,4406
00965,1888,6443,-4555
00966,5976,1952,4024
00968,1775,15034,-13259
00969,14577,9963,4614
00971,9104,21554,-12450
00976,22179,7374,14805
00979,8548,6029,2519
00982,5804,14507,-8703
00983,12664,12472,192
00985,12105,19863,-7758
00987,20202,7018,13184
01001,6791,9260,-2469
01002,9985,17,9968
01003,15,1819,-1804
01005,1761,5624,-3863
01007,5917,461,5456
01008,506,279,227
01009,333,1422,-1089
01010,1503,520,983
01011,498,237,261
01012,227,8905,-8678
01013,9375,12922,-3547
01020,13400,1130,12270
01022,1082,462,620
01026,454,7967,-7513
01027,8451,5769,2682
01028,6017,262,5755
01029,228,4452,-4224
01030,4994,577,4417
01031,608,274,334
01032,198,2603,-2405
01033,2530,733,1797
01034,830,2101,-1271
01035,2254,1844,410
01036,2016,235,1781
01037,257,1166,-909
01038,1111,707,404
01039,709,16032,-15323
01040,15062,1055,14007
01050,1072,576,496
01053,712,744,-32
01054,708,8029,-7321
01056,8567,3398,5169
01057,3485,6553,-3068
01060,7060,4610,2450
01062,4162,0,4162
01063,5,0,5
01066,34,650,-616
01068,625,3554,-2929
01069,3732,238,3494
01070,258,586,-328
01071,518,628,-110
01072,609,2337,-1728
01073,2318,118,2200
01074,157,7100,-6943
01075,7328,3650,3678
01077,3648,223,3425
01079,237,1036,-799
01080,895,720,175
01081,708,4487,-3779
01082,4689,1207,3482
01083,934,104,830
01084,44,15507,-15463
01085,15608,0,15608
01088,345,360,-15
01089,12734,11694,1040
01092,532,576,-44
01093,70,119,-49
01094,31,149,-118
01095,5417,5345,72
01096,1058,907,151
01097,26,25,1
01098,510,539,-29
01103,1434,1466,-32
01104,9208,8905,303
01105,5206,4901,305
01106,6015,5956,59
01107,4234,3721,513
01108,10213,9128,1085
01109,9506,9553,-47
01118,5785,5567,218
01119,5230,5051,179
01128,1136,938,198
01129,2523,2896,-373
01144,0,3316,-3316
01151,3664,0,3664
01201,19952,20577,-625
01220,3948,3796,152
01222,289,407,-118
01223,1223,1035,188
01224,80,80,0
01225,1509,1301,208
01226,2907,2692,215
01229,88,60,28
01230,3793,3395,398
01235,1104,1151,-47
01236,704,571,133
01237,1019,1048,-29
01238,2292,2533,-241
01240,2158,2096,62
01242,93,122,-29
01243,80,118,-38
01244,68,46,22
01245,355,344,11
01247,6527,6891,-364
01253,434,271,163
01254,440,451,-11
01255,309,356,-47
01256,330,286,44
01257,1013,843,170
01258,77,157,-80
01259,292,240,52
01260,81,62,19
01262,688,524,164
01264,100,74,26
01266,421,717,-296
01267,2541,2900,-359
01270,372,286,86
01301,8190,7849,341
01330,704,640,64
01331,5450,5155,295
01337,1007,1115,-108
01338,63,79,-16
01339,627,702,-75
01340,797,703,94
01341,730,714,16
01342,343,542,-199
01343,60,38,22
01344,681,594,87
01346,180,181,-1
01347,96,45,51
01349,327,360,-33
01350,52,61,-9
01351,1046,1025,21
01354,602,593,9
01355,413,358,55
01360,1213,1229,-16
01364,3021,3377,-356
01366,458,477,-19
01367,178,232,-54
01368,551,443,108
01370,1694,1732,-38
01373,2355,2006,349
01375,1666,1488,178
01376,2312,2376,-64
01378,319,313,6
01379,381,447,-66
01380,14,14907,-14893
01420,16383,2278,14105
01430,2141,1066,1075
01431,1297,3058,-1761
01432,3560,94,3466
01434,315,1206,-891
01436,1262,159,1103
01438,124,7847,-7723
01440,8904,3778,5126
01450,3820,1696,2124
01451,1668,1513,155
01452,1586,16605,-15019
01453,17896,3287,14609
01460,3504,4076,-572
01462,4447,4202,245
01463,4370,2149,2221
01464,2345,129,2216
01468,1622,1422,200
01469,2831,2495,336
01473,3122,2672,450
01474,680,779,-99
01475,3726,3907,-181
01501,6534,6040,494
01503,1311,1072,239
01504,3874,3367,507
01505,1834,1618,216
01506,1395,1342,53
01507,4776,4411,365
01510,6455,5478,977
01515,835,760,75
01516,3179,3138,41
01518,1280,1140,140
01519,2652,2293,359
01520,6021,5139,882
01521,1106,997,109
01522,1159,1160,-1
01523,2801,2258,543
01524,2180,2492,-312
01525,31,90,-59
01527,5165,5132,33
01529,1275,1004,271
01531,430,374,56
01532,5662,5195,467
01534,2367,1761,606
01535,1883,1968,-85
01536,2914,2571,343
01537,781,979,-198
01540,3988,4162,-174
01541,1298,1206,92
01542,992,604,388
01543,3052,2639,413
01545,13808,13104,704
01550,7094,6396,698
01560,1902,1521,381
01561,17,112,-95
01562,5186,4678,508
01564,3248,2804,444
01566,2610,2454,156
01568,2651,2610,41
01569,5327,4931,396
01570,7414,7077,337
01571,4199,3951,248
01581,7980,6943,1037
01583,2784,2311,473
01585,1968,1766,202
01588,4005,4029,-24
01590,3332,2975,357
01602,10527,9089,1438
01603,7496,7214,282
01604,16869,14772,2097
01605,11626,10705,921
01606,9198,8318,880
01607,3916,3651,265
01608,1945,1465,480
01609,8439,7423,1016
01610,8866,7355,1511
01611,783,960,-177
01612,1588,1547,41
01701,13189,12228,961
01702,14810,14343,467
01718,228,174,54
01719,2180,2028,152
01720,8678,7975,703
01721,7587,6512,1075
01730,5540,4971,569
01731,478,437,41
01740,1853,1635,218
01741,1800,1796,4
01742,6357,6520,-163
01745,215,140,75
01746,5354,4868,486
01747,2116,2174,-58
01748,6556,4940,1616
01749,8035,7803,232
01752,17147,15918,1229
01754,4269,4301,-32
01756,2076,2034,42
01757,11487,10568,919
01760,15153,13340,1813
01770,1515,1428,87
01772,3364,3212,152
01773,2123,1808,315
01775,2646,2331,315
01776,6208,5646,562
01778,4838,5003,-165
01801,16292,15507,785
01803,10093,9183,910
01810,13235,12065,1170
01821,11664,10743,921
01824,9915,9593,322
01826,12350,10952,1398
01827,1136,1138,-2
01830,10759,10009,750
01832,9915,8778,1137
01833,3185,2805,380
01834,2532,2371,161
01835,5434,5238,196
01840,3068,2099,969
01841,17019,15561,1458
01843,10204,8949,1255
01844,18792,17598,1194
01845,10971,10193,778
01850,5864,5634,230
01851,11376,10275,1101
01852,14628,13570,1058
01854,10417,9799,618
01860,2589,2439,150
01862,3956,3470,486
01863,3713,3890,-177
01864,5848,5239,609
01867,9297,8867,430
01876,11903,10485,1418
01879,4053,4055,-2
01880,10905,9771,1134
01886,8515,7378,1137
01887,7756,7329,427
01890,8149,7569,580
01901,1194,1126,68
01902,18673,16899,1774
01904,7044,6845,199
01905,9339,8762,577
01906,10581,10093,488
01907,6169,5672,497
01908,1678,1584,94
01913,7326,6694,632
01915,16363,15406,957
01921,2905,2735,170
01922,1196,988,208
01923,10964,10319,645
01929,1335,1421,-86
01930,13168,12140,1028
01937,0,0,0
01938,5573,5512,61
01940,4663,4325,338
01944,2080,1997,83
01945,8075,7837,238
01949,3122,2623,499
01950,7537,7502,35
01951,1337,1577,-240
01952,3885,3405,480
01960,22681,21032,1649
01965,354,3088,-2734
01966,3319,2241,1078
01969,2326,17834,-15508
01970,19699,2614,17085
01982,2575,2093,482
01983,2202,1308,894
01984,1291,1463,-172
01985,1591,6223,-4632
02019,6250,8439,-2189
02021,9305,2852,6453
02025,3146,9609,-6463
02026,10458,1834,8624
02030,1916,1356,560
02032,1522,6505,-4983
02035,7289,10968,-3679
02038,12118,8140,3978
02043,9252,4744,4508
02045,4380,70,4310
02047,89,8247,-8158
02048,8707,9854,-1147
02050,10142,4025,6117
02052,4373,4445,-72
02053,4812,3020,1792
02054,3078,3175,-97
02056,2967,3451,-484
02061,3567,11623,-8056
02062,13002,6640,6362
02066,7412,6157,1255
02067,6395,289,6106
02071,383,10641,-10258
02072,11277,7008,4269
02081,7251,5255,1996
02090,5424,3831,1593
02093,4480,2337,2143
02108,1905,2190,-285
02109,1958,981,977
02110,1282,3390,-2108
02111,3515,4329,-814
02113,4025,6752,-2727
02114,7358,9958,-2600
02115,9455,10938,-1483
02116,11707,12512,-805
02118,13847,9769,4078
02119,11953,4509,7444
02120,4701,9739,-5038
02121,10718,8216,2502
02122,9004,17275,-8271
02124,19395,11481,7914
02125,12986,9510,3476
02126,8785,14994,-6209
02127,16799,14965,1834
02128,16925,8083,8842
02129,9278,15306,-6028
02130,17609,11282,6327
02131,12450,11013,1437
02132,10941,8916,2025
02133,0,18336,-18336
02134,8082,10650,-2568
02135,20040,14315,5725
02136,13929,14761,-832
02138,14377,8504,5873
02139,15263,6158,9105
02140,9437,1388,8049
02141,6826,10994,-4168
02142,2077,10646,-8569
02143,11623,9556,2067
02144,11363,22850,-11487
02145,11349,15271,-3922
02148,25582,11586,13996
02149,17091,19522,-2431
02150,13337,7630,5707
02151,21663,22743,-1080
02152,8242,562,7680
02155,24771,24519,252
02163,403,7787,-7384
02169,27629,7627,20002
02170,8001,11221,-3220
02171,8869,8951,-82
02176,11926,13220,-1294
02180,9758,9038,720
02184,14384,6166,8218
02186,8797,6116,2681
02188,7085,6591,494
02189,6194,3642,2552
02190,7677,823,6854
02191,3444,0,3444
02199,833,1088,-255
02203,0,7995,-7995
02205,0,21765,-21765
02210,3016,11423,-8407
02215,7931,1638,6293
02301,22928,7961,14967
02302,12164,4276,7888
02322,1653,5349,-3696
02324,8657,4705,3952
02325,30,2836,-2806
02330,4648,4683,-35
02332,6092,3341,2751
02333,4952,4253,699
02338,2930,8205,-5275
02339,4744,3658,1086
02341,3850,5893,-2043
02343,4695,4029,666
02346,9727,12,9715
02347,4162,6235,-2073
02350,70,21600,-21530
02351,6083,4581,1502
02356,4511,0,4511
02357,0,994,-994
02359,6861,11909,-5048
02360,24985,6756,18229
02364,5321,3448,1873
02366,0,2403,-2403
02367,989,5269,-4280
02368,12167,4999,7168
02370,6654,6456,198
02375,4482,8645,-4163
02379,2726,13407,-10681
02382,5684,7285,-1601
02420,5374,4693,681
02421,6927,11455,-4528
02445,9225,10,9215
02446,14278,4771,9507
02451,7586,6522,1064
02452,5215,3473,1742
02453,12115,2533,9582
02457,18,594,-576
02458,4871,1321,3550
02459,6268,4300,1968
02460,3776,3022,754
02461,2532,6351,-3819
02462,532,1876,-1344
02464,1370,14081,-12711
02465,4436,11746,-7310
02466,2990,7341,-4351
02467,6746,9501,-2755
02468,1873,4757,-2884
02472,16067,3771,12296
02474,11649,6930,4719
02476,7659,3724,3935
02478,10372,3439,6933
02481,4743,4863,-120
02482,3907,444,3463
02492,7160,449,6711
02493,3731,8265,-4534
02494,4100,2371,1729
02532,5688,1196,4492
02534,379,1408,-1029
02535,742,4125,-3383
02536,8373,389,7984
02537,2488,348,2140
02538,1748,142,1606
02539,1401,3807,-2406
02540,4171,1404,2767
02542,244,1644,-1400
02543,485,815,-330
02553,30,1755,-1725
02554,3973,204,3769
02556,1018,1286,-268
02557,685,3829,-3144
02558,993,135,858
02559,1593,1209,384
02561,280,4653,-4373
02562,1236,1000,236
02563,3983,1465,2518
02564,33,0,33
02568,3044,6080,-3036
02571,4824,983,3841
02575,907,4193,-3286
02576,1767,5028,-3261
02584,25,1884,-1859
02601,6794,1522,5272
02630,744,44,700
02631,4519,1667,2852
02632,4744,1363,3381
02633,2269,240,2029
02635,1376,2305,-929
02637,129,17,112
02638,1447,1286,161
02639,1712,4087,-2375
02641,91,919,-828
02642,2525,54,2471
02643,0,3014,-3014
02644,1447,5737,-4290
02645,4474,534,3940
02646,896,10,886
02647,67,512,-445
02648,3064,2813,251
02649,6603,1699,4904
02650,340,1687,-1347
02652,618,374,244
02653,2989,2699,290
02655,1527,64,1463
02657,1968,4634,-2666
02659,555,259,296
02660,2896,1671,1225
02663,178,1307,-1129
02664,3989,87,3902
02666,295,598,-303
02667,1558,542,1016
02668,1004,49,955
02670,829,4045,-3216
02671,463,2996,-2533
02672,88,1459,-1371
02673,3839,16354,-12515
02675,3087,44,3043
02702,1673,1026,647
02703,17898,1586,16312
02713,18,2452,-2434
02715,1383,6577,-5194
02717,1696,12852,-11156
02718,2444,10873,-8429
02719,6872,6276,596
02720,13787,7526,6261
02721,11010,993,10017
02723,7511,6055,1456
02724,8389,1900,6489
02725,934,2375,-1441
02726,6314,17848,-11534
02738,1993,3800,-1807
02739,2926,4771,-1845
02740,19301,10393,8908
02743,4060,6066,-2006
02744,5157,6723,-1566
02745,10154,5277,4877
02746,6697,9797,-3100
02747,7237,3276,3961
02748,4779,510,4269
02760,11550,1370,10180
02762,4144,6165,-2021
02763,723,4808,-4085
02764,1560,4008,-2448
02766,6489,1747,4742
02767,5550,4710,840
02769,4377,6170,-1793
02770,2032,1983,49
02771,5969,19199,-13230
02777,6752,6145,607
02779,2294,24,2270
02780,20625,354,20271
02790,6667,1077,5590
02791,244,5894,-5650
02802,238,394,-156
02804,898,952,-54
02806,6176,8921,-2745
02807,459,646,-187
02808,901,3049,-2148
02809,8065,2756,5309
02812,438,79,359
02813,3459,12648,-9189
02814,2902,2275,627
02815,72,7260,-7188
02816,13371,2204,11167
02817,2316,1795,521
02818,8307,210,8097
02822,2018,798,1220
02823,13,2902,-2889
02824,85,2630,-2545
02825,1843,1238,605
02826,282,2079,-1797
02827,844,279,565
02828,3183,2319,864
02829,35,49,-14
02830,2409,1479,930
02831,1473,1521,-48
02832,1816,692,1124
02833,352,10946,-10594
02835,2361,0,2361
02836,53,6467,-6414
02837,1592,9087,-7495
02838,1310,3264,-1954
02839,589,216,373
02840,10171,2322,7849
02841,6,18519,-18513
02842,7270,10633,-3363
02852,9563,6615,2948
02857,3155,12917,-9762
02858,214,6646,-6432
02859,2436,6853,-4417
02860,18949,53,18896
02861,10737,64,10673
02863,7074,2116,4958
02864,13620,180,13440
02865,6756,180,6576
02871,7196,6612,584
02872,82,8513,-8431
02873,58,1225,-1167
02874,2395,6128,-3733
02875,138,4502,-4364
02876,520,12900,-12380
02878,6651,8557,-1906
02879,9148,11294,-2146
02881,793,9034,-8241
02882,5492,1617,3875
02885,5032,12934,-7902
02886,12976,196,12780
02888,8365,16518,-8153
02889,11354,4489,6865
02891,9936,459,9477
02892,2091,4434,-2343
02893,14030,12807,1223
02894,255,8585,-8330
02895,16921,11248,5673
02896,4455,8719,-4264
02898,575,12563,-11988
02903,5047,14305,-9258
02904,12951,8189,4762
02905,9862,6651,3211
02906,12185,9,12176
02907,10591,9061,1530
02908,14380,7500,6880
02909,14857,3612,11245
02910,8624,4253,4371
02911,6637,11581,-4944
02912,13,14424,-14411
02914,9311,4142,5169
02915,7168,4031,3137
02916,3791,1749,2042
02917,4672,1643,3029
02918,36,1472,-1436
02919,11405,1618,9787
02920,14326,1533,12793
02921,4659,13046,-8387
03031,4476,2512,1964
03032,1989,601,1388
03033,1728,1524,204
03034,1603,5021,-3418
03036,1719,1043,676
03037,1646,553,1093
03038,13056,1391,11665
03042,2681,2746,-65
03043,571,8736,-8165
03044,1638,2667,-1029
03045,5172,8296,-3124
03046,1024,9763,-8739
03047,677,6015,-5338
03048,1418,828,590
03049,3223,12101,-8878
03051,9542,10664,-1122
03052,2967,6647,-3680
03053,9269,5797,3472
03054,9971,1840,8131
03055,6419,1814,4605
03057,893,4288,-3395
03060,12194,3899,8295
03062,11733,11219,514
03063,6823,577,6246
03064,6369,610,5759
03070,2045,1477,568
03071,1844,4717,-2873
03076,4884,1634,3250
03077,4093,13001,-8908
03079,12138,13870,-1732
03082,620,13309,-12689
03084,490,4900,-4410
03086,1739,3786,-2047
03087,5283,7040,-1757
03101,1895,161,1734
03102,14100,822,13278
03103,15018,731,14287
03104,14725,269,14456
03106,5185,2774,2411
03109,3833,779,3054
03110,8076,2363,5713
03215,99,1359,-1260
03216,818,932,-114
03217,992,1425,-433
03218,569,443,126
03220,3039,431,2608
03221,878,2169,-1291
03222,2286,538,1748
03223,1174,168,1006
03224,900,49,851
03225,1299,1717,-418
03226,384,3409,-3025
03227,692,989,-297
03229,2227,25,2202
03230,616,576,40
03231,77,339,-262
03233,100,1734,-1634
03234,1746,432,1314
03235,3813,3038,775
03237,773,746,27
03238,43,7148,-7105
03240,461,2996,-2535
03241,377,559,-182
03242,2098,2954,-856
03243,355,1793,-1438
03244,2967,837,2130
03245,815,865,-50
03246,6826,1640,5186
03249,3086,973,2113
03251,563,149,414
03253,3109,307,2802
03254,2007,1766,241
03255,746,477,269
03256,941,1572,-631
03257,1537,2404,-867
03258,984,950,34
03259,151,437,-286
03260,377,1190,-813
03261,1746,125,1621
03262,475,4587,-4112
03263,1823,3181,-1358
03264,2179,1120,1059
03266,799,291,508
03268,599,465,134
03269,1080,2992,-1912
03273,115,346,-231
03275,4458,411,4047
03276,3501,944,2557
03278,1203,540,663
03279,307,1757,-1450
03280,479,7,472
03281,3371,43,3328
03282,412,13626,-13214
03284,252,6385,-6133
03285,1060,2735,-1675
03287,655,1898,-1243
03290,1959,9839,-7880
03291,29,1048,-1019
03293,54,210,-156
03301,13351,557,12794
03303,6466,345,6121
03304,2802,620,2182
03307,2336,260,2076
03431,9964,2460,7504
03440,1103,1116,-13
03441,86,247,-161
03442,647,726,-79
03443,180,428,-248
03444,621,1837,-1216
03445,273,2209,-1936
03446,2823,837,1986
03447,1010,338,672
03448,302,354,-52
03449,802,2953,-2151
03450,427,1785,-1358
03451,1550,776,774
03452,2048,426,1622
03455,988,842,146
03456,315,355,-40
03457,299,667,-368
03458,3011,1954,1057
03461,1859,2616,-757
03462,625,4478,-3853
03464,346,1110,-764
03465,737,26,711
03466,599,1557,-958
03467,822,249,573
03470,1888,606,1282
03561,2873,1453,1420
03570,3759,1140,2619
03574,1013,367,646
03575,3,1500,-1497
03576,1397,1100,297
03579,182,285,-103
03580,527,763,-236
03581,1583,488,1095
03582,913,662,251
03583,473,197,276
03584,1395,286,1109
03585,1014,184,830
03586,252,1390,-1138
03588,655,175,480
03590,418,1011,-593
03592,544,2425,-1881
03593,173,109,64
03595,386,427,-41
03597,233,124,109
03598,1494,908,586
03601,125,498,-373
03602,983,314,669
03603,2036,1689,347
03604,0,5949,-5949
03605,283,589,-306
03607,99,68,31
03608,1201,2096,-895
03609,248,313,-65
03740,433,215,218
03741,1567,331,1236
03743,5346,1117,4229
03745,735,0,735
03748,2056,2524,-468
03750,259,244,15
03751,203,4175,-3972
03752,301,740,-439
03753,1235,166,1069
03755,2668,337,2331
03765,158,3239,-3081
03766,4184,606,3578
03768,609,544,65
03770,147,329,-182
03771,323,129,194
03773,3031,754,2277
03774,691,1300,-609
03777,538,1759,-1221
03779,269,1022,-753
03780,198,10336,-10138
03781,778,1483,-705
03782,983,699,284
03784,1802,2568,-766
03785,831,330,501
03801,10851,1511,9340
03809,1325,991,334
03810,809,515,294
03811,2821,451,2370
03812,448,1579,-1131
03813,1573,1537,36
03814,933,12520,-11587
03816,567,648,-81
03817,295,3327,-3032
03818,1664,2957,-1293
03819,1649,1045,604
03820,14724,1177,13547
03823,711,667,44
03824,2904,176,2728
03825,3333,8159,-4826
03826,1122,2646,-1524
03827,1169,554,615
03830,634,444,190
03832,155,662,-507
03833,8953,1554,7399
03835,2785,1409,1376
03836,579,2496,-1917
03837,720,6685,-5965
03838,579,862,-283
03839,1577,431,1146
03840,1566,405,1161
03841,2623,139,2484
03842,7139,2321,4818
03844,861,628,233
03845,705,124,581
03846,488,1470,-982
03847,249,190,59
03848,2687,402,2285
03849,459,469,-10
03850,69,955,-886
03851,1512,561,951
03852,140,3713,-3573
03853,363,1664,-1301
03854,395,1794,-1399
03855,1005,1773,-768
03856,637,1801,-1164
03857,4322,592,3730
03858,1769,2878,-1109
03860,1818,8747,-6929
03861,1865,2491,-626
03862,1924,1004,920
03864,730,2270,-1540
03865,3242,11,3231
03867,9366,1575,7791
03868,2528,1833,695
03869,1025,3915,-2890
03870,2206,407,1799
03871,201,4568,-4367
03872,1674,495,1179
03873,2211,38,2173
03874,3837,1378,2459
03875,406,2727,-2321
03878,5185,858,4327
03882,513,824,-311
03883,164,114,50
03884,1379,2590,-1211
03885,3046,2598,448
03886,457,901,-444
03887,699,2567,-1868
03890,19,3828,-3809
03894,3005,722,2283
03897,17,1768,-1751
03901,3398,587,2811
03902,941,2680,-1739
03903,2680,4327,-1647
03904,4084,70,4014
03905,878,62,816
03906,1954,1023,931
03907,595,2776,-2181
03908,2772,258,2514
03909,4539,9913,-5374
03910,14,22,-8
03911,77,1156,-1079
04001,1129,2316,-1187
04002,2979,525,2454
04003,107,8458,-8351
04005,9987,1632,8355
04006,27,148,-121
04008,1196,13,1183
04009,2245,590,1655
04010,613,2154,-1541
04011,8716,421,8295
04015,1700,220,1480
04017,302,2363,-2061
04019,39,758,-719
04020,704,716,-12
04021,2339,3454,-1115
04022,431,1335,-904
04024,193,5606,-5413
04027,2277,2769,-492
04029,836,1312,-476
04030,735,592,143
04032,3427,1633,1794
04037,1458,4620,-3162
04038,6092,3096,2996
04039,3434,626,2808
04040,1390,976,414
04041,617,1334,-717
04042,1882,153,1729
04043,4858,442,4416
04046,3201,1512,1689
04047,711,65,646
04048,1171,0,1171
04049,1496,1241,255
04050,117,6518,-6401
04051,530,181,349
04055,2006,3891,-1885
04056,39,201,-162
04057,116,626,-510
04061,976,581,395
04062,7064,2059,5005
04063,389,7643,-7254
04064,4751,6713,-1962
04066,357,7524,-7167
04068,556,1068,-512
04069,570,1573,-1003
04071,2173,1878,295
04072,8631,3018,5613
04073,6997,627,6370
04074,8811,3537,5274
04076,1144,667,477
04079,1967,664,1303
04083,2037,4045,-2008
04084,2656,376,2280
04085,992,7498,-6506
04086,4135,3215,920
04087,924,503,421
04088,532,3287,-2755
04090,4904,1352,3552
04091,320,9147,-8827
04092,8838,7702,1136
04093,3325,13487,-10162
04095,708,4485,-3777
04096,3463,11017,-7554
04097,1497,3551,-2054
04101,9684,469,9215
04102,7820,22,7798
04103,13183,513,12670
04105,4825,10071,-5246
04106,11774,207,11567
04107,3893,1174,2719
04108,434,572,-138
04109,77,1161,-1084
04110,611,445,166
04210,10249,1492,8757
04216,280,1218,-938
04217,1540,65,1475
04219,559,19,540
04220,1238,13,1225
04221,335,106,229
04222,1699,55,1644
04224,1072,1746,-674
04226,33,65,-32
04227,17,439,-422
04231,94,1939,-1845
04234,0,14990,-14990
04236,1661,1717,-56
04237,105,2068,-1963
04238,443,876,-433
04239,1928,1340,588
04240,15588,315,15273
04250,1782,1164,618
04252,1928,1176,752
04253,761,916,-155
04254,1412,1213,199
04255,302,2001,-1699
04256,1152,176,976
04257,1136,749,387
04258,1063,281,782
04259,1412,30,1382
04260,2093,2106,-13
04261,158,2297,-2139
04263,777,0,777
04265,332,2218,-1886
04267,15,170,-155
04268,1915,2703,-788
04270,2320,2558,-238
04271,0,2310,-2310
04274,2348,2236,112
04275,268,468,-200
04276,2416,178,2238
04280,2989,50,2939
04281,2063,1172,891
04282,2361,697,1664
04284,465,624,-159
04285,189,415,-226
04286,0,1556,-1556
04287,1356,11597,-10241
04289,689,829,-140
04290,669,31,638
04292,373,1291,-918
04294,1422,4930,-3508
04330,12227,777,11450
04341,0,1181,-1181
04342,717,1279,-562
04344,1381,521,860
04345,4760,1411,3349
04346,792,1033,-241
04347,1289,673,616
04348,1169,875,294
04349,581,618,-37
04350,1482,972,510
04351,974,1469,-495
04352,665,1730,-1065
04353,895,159,736
04354,618,280,338
04355,959,1110,-151
04357,1484,2557,-1073
04358,1845,18853,-17008
04359,127,334,-207
04360,229,51,178
04363,1051,435,616
04364,2533,622,1911
04401,18773,4254,14519
04406,328,72,256
04408,100,634,-534
04410,430,110,320
04411,620,2189,-1569
04412,4074,147,3927
04413,75,603,-528
04414,667,1104,-437
04415,116,394,-278
04416,2327,468,1859
04417,203,330,-127
04418,633,1953,-1320
04419,1204,1125,79
04421,256,1326,-1070
04422,400,2015,-1615
04424,378,822,-444
04426,1969,52,1917
04427,1088,494,594
04428,1267,399,868
04429,2102,542,1560
04430,721,882,-161
04431,21,35,-14
04434,418,1097,-679
04435,438,3351,-2913
04438,525,590,-65
04441,757,570,187
04442,37,568,-531
04443,916,124,792
04444,3541,304,3237
04448,561,37,524
04449,490,390,100
04450,553,1110,-557
04451,119,2447,-2328
04453,287,481,-194
04454,13,611,-598
04455,260,1320,-1060
04456,1164,2252,-1088
04457,2700,1272,1428
04459,323,279,44
04460,598,4108,-3510
04461,1197,0,1197
04462,2349,245,2104
04463,1153,865,288
04464,213,2808,-2595
04468,3881,1557,2324
04469,0,207,-207
04471,240,482,-242
04472,862,140,722
04473,3465,648,2817
04474,1551,207,1344
04475,221,130,91
04476,524,323,201
04478,186,503,-317
04479,585,96,489
04481,230,89,141
04485,66,51,15
04487,376,86,290
04488,463,747,-284
04489,111,186,-75
04490,105,1483,-1378
04491,86,169,-83
04492,34,4949,-4915
04493,764,281,483
04495,187,932,-745
04496,1587,1020,567
04497,173,533,-360
04530,5008,44,4964
04535,278,871,-593
04537,660,374,286
04538,836,504,332
04539,654,406,248
04541,29,339,-310
04543,917,774,143
04544,467,445,22
04547,499,750,-251
04548,458,475,-17
04551,279,161,118
04553,778,915,-137
04554,326,518,-192
04555,697,248,449
04556,557,255,302
04558,102,0,102
04562,1040,156,884
04563,645,1962,-1317
04564,207,186,21
04568,257,581,-324
04570,0,50,-50
04571,309,303,6
04572,2639,1887,752
04573,178,1196,-1018
04574,691,5792,-5101
04575,106,513,-407
04576,278,482,-204
04578,1994,2277,-283
04579,1202,230,972
04605,6244,301,5943
04606,518,79,439
04607,566,1109,-543
04609,2208,438,1770
04611,190,394,-204
04612,222,1566,-1344
04613,42,592,-550
04614,1228,442,786
04616,349,95,254
04617,348,14,334
04619,1664,214,1450
04622,397,669,-272
04623,366,293,73
04624,103,83,20
04625,32,532,-500
04626,240,716,-476
04627,807,827,-20
04628,241,25,216
04630,529,82,447
04631,599,935,-336
04634,846,44,802
04635,6,415,-409
04640,1059,62,997
04642,78,43,35
04643,320,34,286
04645,22,235,-213
04646,41,560,-519
04648,263,100,163
04649,541,802,-261
04650,133,227,-94
04652,727,1389,-662
04653,318,400,-82
04654,1282,164,1118
04655,396,606,-210
04657,144,653,-509
04658,536,279,257
04660,502,525,-23
04662,238,543,-305
04664,482,615,-133
04666,517,650,-133
04667,536,83,453
04668,760,251,509
04669,56,61,-5
04671,217,286,-69
04673,68,120,-52
04674,111,421,-310
04675,80,103,-23
04676,575,893,-318
04677,131,443,-312
04679,708,561,147
04680,514,26,488
04681,477,734,-257
04683,0,161,-161
04684,858,52,806
04685,195,194,1
04686,66,253,-187
04691,188,1031,-843
04693,230,4131,-3901
04694,944,746,198
04730,4032,103,3929
04732,731,320,411
04733,156,250,-94
04734,339,4154,-3815
04735,203,391,-188
04736,4139,513,3626
04737,0,0,0
04739,331,1432,-1101
04740,594,2060,-1466
04742,1303,428,875
04743,1939,204,1735
04745,376,638,-262
04746,201,1021,-820
04747,562,1643,-1081
04750,777,1119,-342
04756,1510,652,858
04757,1089,313,776
04758,532,217,315
04760,317,261,56
04761,172,306,-134
04762,200,26,174
04763,304,637,-333
04764,13,141,-128
04765,461,196,265
04766,157,4131,-3974
04768,178,357,-179
04769,4157,243,3914
04772,396,330,66
04773,295,386,-91
04774,312,149,163
04776,325,128,197
04777,152,319,-167
04779,171,225,-54
04780,335,153,182
04781,213,1286,-1073
04783,199,828,-629
04785,857,213,644
04786,743,3340,-2597
04787,179,2325,-2146
04841,3367,616,2751
04843,2373,305,2068
04847,665,1651,-986
04848,329,18,311
04849,1672,21,1651
04851,34,197,-163
04852,43,716,-673
04853,198,172,26
04854,696,1307,-611
04855,159,610,-451
04856,1364,216,1148
04858,558,760,-202
04859,371,1221,-850
04860,825,1472,-647
04861,1308,518,790
04862,1718,1723,-5
04863,479,10764,-10285
04864,1557,750,807
04901,10942,834,10108
04910,862,418,444
04911,806,3900,-3094
04912,282,1195,-913
04915,4174,171,4003
04917,1308,832,476
04918,0,666,-666
04920,840,473,367
04921,664,228,436
04922,412,826,-414
04923,232,47,185
04924,920,39,881
04925,11,1398,-1387
04926,10,870,-860
04927,1462,377,1085
04928,868,1861,-993
04929,322,480,-158
04930,1954,17,1937
04932,514,137,377
04936,112,2903,-2791
04937,2891,3832,-941
04938,3771,414,3357
04939,394,39,355
04940,0,681,-681
04941,732,523,209
04942,528,731,-203
04943,756,14,742
04944,32,516,-484
04945,580,722,-142
04947,790,317,473
04949,335,1924,-1589
04950,1995,437,1558
04951,475,774,-299
04952,796,1441,-645
04953,1425,542,883
04955,571,295,276
04956,275,1782,-1507
04957,1642,867,775
04958,832,525,307
04961,397,55,342
04963,3086,2995,91
04964,84,96,-12
04965,817,826,-9
04966,703,726,-23
04967,1503,1580,-77
04969,462,455,7
04970,733,730,3
04971,767,745,22
04973,546,641,-95
04974,1386,1171,215
04975,33,49,-16
04976,4301,4235,66
04978,427,369,58
04979,354,463,-109
04981,1223,1010,213
04982,227,233,-6
04983,602,663,-61
04984,269,231,38
04985,52,39,13
04986,642,655,-13
04987,404,365,39
04988,708,829,-121
04989,1963,1669,294
04992,112,55,57
05001,4128,4329,-201
05009,0,75,-75
05030,111,1348,-1237
05031,10,1108,-1098
05032,1062,98,964
05033,1272,226,1046
05034,98,389,-291
05035,321,220,101
05036,485,619,-134
05037,375,397,-22
05038,593,192,401
05039,472,142,330
05040,281,252,29
05041,67,373,-306
05042,277,844,-567
05043,537,443,94
05045,776,1107,-331
05046,512,69,443
05048,1176,745,431
05050,55,92,-37
05051,521,161,360
05052,75,1468,-1393
05053,110,213,-103
05055,1220,95,1125
05056,145,329,-184
05058,72,1863,-1791
05059,278,431,-153
05060,2035,267,1768
05061,580,462,118
05062,190,110,80
05065,441,1436,-995
05067,71,205,-134
05068,1309,219,1090
05069,271,175,96
05070,181,216,-35
05071,71,458,-387
05072,260,178,82
05073,0,491,-491
05075,480,295,185
05076,200,221,-21
05077,486,56,430
05079,384,12,372
05081,254,323,-69
05083,83,2167,-2084
05084,28,1471,-1443
05086,223,2056,-1833
05088,465,41,424
05089,2014,297,1717
05091,1594,1981,-387
05101,1799,303,1496
05141,80,524,-444
05142,260,939,-679
05143,1891,400,1491
05146,224,553,-329
05148,577,202,375
05149,964,320,644
05150,257,252,5
05151,609,298,311
05152,172,3813,-3641
05153,271,534,-263
05154,243,281,-38
05155,330,5951,-5621
05156,3924,1592,2332
05158,429,680,-251
05161,288,116,172
05201,5984,287,5697
05250,1327,164,1163
05251,626,1853,-1227
05252,171,874,-703
05253,257,118,139
05254,149,1191,-1042
05255,1815,1149,666
05257,946,7388,-6442
05260,167,311,-144
05261,820,222,598
05262,755,238,517
05301,7388,323,7065
05340,272,991,-719
05341,247,1850,-1603
05342,232,329,-97
05343,430,362,68
05344,0,443,-443
05345,790,869,-79
05346,1998,282,1716
05350,314,431,-117
05351,149,111,38
05352,351,294,57
05353,569,101,468
05354,876,384,492
05355,307,50,257
05356,323,1136,-813
05358,141,12419,-12278
05359,232,7968,-7736
05360,119,3175,-3056
05361,371,0,371
05362,130,4278,-4148
05363,930,17,913
05401,13031,783,12248
05403,8651,364,8287
05404,3628,130,3498
05405,0,2581,-2581
05408,4219,712,3507
05439,0,1403,-1403
05440,764,6174,-5410
05441,238,35,203
05442,179,448,-269
05443,2691,1886,805
05444,590,7732,-7142
05445,1717,1846,-129
05446,6733,395,6338
05447,39,581,-542
05448,344,645,-301
05450,1864,977,887
05452,9365,855,8510
05454,2100,1981,119
05455,458,796,-338
05456,402,207,195
05457,567,1085,-518
05458,873,1943,-1070
05459,609,4828,-4219
05461,2079,298,1781
05462,718,649,69
05463,213,577,-364
05464,1131,427,704
05465,2236,1318,918
05468,4814,1812,3002
05471,407,5638,-5231
05472,811,0,811
05473,580,2904,-2324
05474,528,493,35
05476,1219,33,1186
05477,1943,736,1207
05478,6395,570,5825
05481,0,3058,-3058
05482,3180,1173,2007
05483,545,2294,-1749
05485,0,309,-309
05486,581,680,-99
05487,596,3830,-3234
05488,2960,5206,-2246
05489,1408,111,1297
05491,2456,7467,-5011
05492,384,468,-84
05494,568,191,377
05495,4368,285,4083
05602,5734,439,5295
05640,75,656,-581
05641,7371,320,7051
05647,462,177,285
05648,211,367,-156
05649,192,1245,-1053
05650,421,1276,-855
05651,551,19,532
05652,326,604,-278
05653,245,698,-453
05654,607,2356,-1749
05655,1241,2061,-820
05656,1284,0,1284
05658,609,885,-276
05660,733,262,471
05661,2699,1823,876
05663,2211,1094,1117
05664,0,648,-648
05666,18,426,-408
05667,962,2182,-1220
05669,319,945,-626
05670,39,54,-15
05672,2497,1356,1141
05673,1129,875,254
05674,702,156,546
05675,418,507,-89
05676,2026,9101,-7075
05677,865,120,745
05678,34,357,-323
05679,1195,2558,-1363
05680,888,561,327
05681,59,1417,-1358
05682,517,366,151
05701,9378,362,9016
05730,153,456,-303
05731,0,569,-569
05732,496,0,496
05733,2505,263,2242
05734,526,1797,-1271
05735,1349,221,1128
05736,239,138,101
05737,242,175,67
05738,468,377,91
05739,521,3658,-3137
05742,230,351,-121
05743,1549,330,1219
05744,183,790,-607
05746,0,421,-421
05747,139,421,-282
05748,234,228,6
05751,311,1095,-784
05753,3610,1279,2331
05757,318,791,-473
05758,243,212,31
05759,719,466,253
05760,355,486,-131
05761,420,424,-4
05762,193,280,-87
05763,1225,937,288
05764,1060,593,467
05765,668,278,390
05766,243,333,-90
05767,684,1476,-792
05768,14,289,-275
05769,479,4125,-3646
05770,442,271,171
05772,368,439,-71
05773,887,743,144
05774,388,469,-81
05775,237,116,121
05776,146,368,-222
05777,1400,133,1267
05778,327,899,-572
05819,3868,775,3093
05820,156,743,-587
05821,363,368,-5
05822,810,83,727
05824,512,401,111
05825,31,173,-142
05826,311,268,43
05827,159,192,-33
05828,847,217,630
05829,745,932,-187
05830,635,414,221
05832,403,469,-66
05833,18,332,-314
05836,543,19,524
05837,160,2520,-2360
05839,242,303,-61
05840,19,2863,-2844
05841,180,617,-437
05842,223,195,28
05843,1005,783,222
05845,528,977,-449
05846,625,175,450
05847,326,230,96
05850,56,384,-328
05851,2495,142,2353
05853,323,636,-313
05855,3279,293,2986
05857,572,239,333
05858,138,221,-83
05859,877,202,675
05860,1140,3,1137
05862,160,86,74
05866,301,442,-141
05867,271,124,147
05868,35,351,-316
05871,556,554,2
05872,411,89,322
05873,344,7305,-6961
05874,215,8505,-8290
05875,199,25207,-25008
05901,9,3520,-3511
05902,57,2530,-2473
05903,351,1133,-782
05904,95,3946,-3851
05905,414,0,414
05906,527,134,393
05907,56,60,-4
06001,7570,409,7161
06002,8802,340,8462
06010,24557,2042,22515
06013,3318,498,2820
06016,2730,6077,-3347
06018,1055,608,447
06019,4173,7311,-3138
06020,19,10836,-10817
06021,598,3149,-2551
06022,23,7210,-7187
06023,693,797,-104
06024,189,14488,-14299
06026,1879,9965,-8086
06027,601,1996,-1395
06029,6714,11923,-5209
06031,630,3037,-2407
06032,7790,13143,-5353
06033,11930,2572,9358
06035,3158,646,2512
06037,7412,0,7412
06039,729,972,-243
06040,14830,108,14722
06042,10122,7591,2531
06043,1868,1229,639
06051,12204,346,11858
06052,3329,13271,-9942
06053,12782,8109,4673
06057,2510,601,1909
06058,700,1149,-449
06059,17,5439,-5422
06060,772,3360,-2588
06061,110,2030,-1920
06062,8004,9384,-1380
06063,1220,4970,-3750
06065,237,3767,-3530
06066,13695,718,12977
06067,8894,16400,-7506
06068,674,5476,-4802
06069,1171,2821,-1650
06070,5813,2004,3809
06071,3400,1072,2328
06072,0,431,-431
06073,2148,70,2078
06074,9926,1434,8492
06076,5053,1217,3836
06078,3853,10707,-6854
06079,21,5298,-5277
06080,0,5023,-5023
06081,600,876,-276
06082,16588,9974,6614
06084,5411,13836,-8425
06085,2898,7594,-4696
06088,2186,9435,-7249
06089,1285,11123,-9838
06090,334,4977,-4643
06091,93,12699,-12606
06092,1412,7346,-5934
06093,1356,9918,-8562
06095,11278,5597,5681
06096,5357,10904,-5547
06098,4708,6631,-1923
06103,1424,4270,-2846
06105,9685,0,9685
06106,14176,6789,7387
06107,7912,1332,6580
06108,9137,1135,8002
06109,11411,2765,8646
06110,5375,852,4523
06111,12575,2083,10492
06112,7533,4653,2880
06114,9649,4273,5376
06117,5759,2557,3202
06118,10510,540,9970
06119,6482,0,6482
06120,4761,1074,3687
06226,6752,1950,4802
06231,1384,2849,-1465
06232,1178,2198,-1020
06234,2833,746,2087
06235,878,1896,-1018
06237,2216,1249,967
06238,4780,1648,3132
06239,4483,3714,769
06241,2684,310,2374
06242,517,112,405
06243,57,56,1
06247,966,189,777
06248,2219,3401,-1182
06249,2847,5,2842
06250,2168,1372,796
06254,705,1675,-970
06255,1887,2337,-450
06256,919,1079,-160
06258,0,2678,-2678
06259,1762,452,1310
06260,3756,10385,-6629
06262,414,1441,-1027
06263,83,2122,-2039
06264,70,83,-13
06266,115,2217,-2102
06268,3977,1000,2977
06269,147,2543,-2396
06277,1480,24,1456
06278,1824,3061,-1237
06279,2542,12024,-9482
06280,1374,9,1365
06281,2939,6388,-3449
06282,487,116,371
06320,11138,2370,8768
06330,1251,5416,-4165
06331,2144,4742,-2598
06332,448,2104,-1656
06333,2723,15489,-12766
06334,902,1854,-952
06335,2197,2691,-494
06336,19,4129,-4110
06338,31,94,-63
06339,3497,2934,563
06340,12660,1551,11109
06350,58,67,-9
06351,6557,988,5569
06353,140,2316,-2176
06354,2211,3591,-1380
06355,5192,1112,4080
06357,4847,4122,725
06359,2106,1040,1066
06360,15611,6487,9124
06365,1806,112,1694
06370,2757,35,2722
06371,4016,145,3871
06373,60,7380,-7320
06374,3172,2227,945
06375,1457,12355,-10898
06376,20,332,-312
06377,1001,9481,-8480
06378,2665,1697,968
06379,3850,5407,-1557
06380,1264,93,1171
06382,3702,6143,-2441
06384,1086,5544,-4458
06385,6748,1881,4867
06387,163,5195,-5032
06389,48,2518,-2470
06390,22,1536,-1514
06401,8032,2589,5443
06403,2631,1944,687
06405,12686,4853,7833
06409,363,1507,-1144
06410,9900,8843,1057
06412,1548,1034,514
06413,5400,2025,3375
06414,30,1037,-1007
06415,6333,6738,-405
06416,5742,48,5694
06417,2061,2229,-168
06418,5613,14642,-9029
06419,2276,9145,-6869
06420,1695,1241,454
06422,3019,120,2899
06423,2223,19792,-17569
06424,4731,15682,-10951
06426,1621,5389,-3768
06437,8665,21,8644
06438,986,6530,-5544
06439,15,1406,-1391
06441,1995,5339,-3344
06442,980,3194,-2214
06443,6719,2420,4299
06444,72,8966,-8894
06447,2142,4400,-2258
06450,15112,4844,10268
06451,10079,4420,5659
06455,1187,4277,-3090
06456,122,3731,-3609
06457,20084,436,19648
06459,5,3768,-3763
06460,15863,6313,9550
06461,5447,15019,-9572
06467,208,8022,-7814
06468,6274,12680,-6406
06469,1298,17160,-15862
06470,5587,2911,2676
06471,2977,1451,1526
06472,2203,21027,-18824
06473,9642,11639,-1997
06475,4584,14707,-10123
06477,5169,10033,-4864
06478,4781,6475,-1694
06479,4136,21878,-17742
06480,3564,6283,-2719
06481,608,6718,-6110
06482,4068,5307,-1239
06483,6432,1915,4517
06484,16204,3364,12840
06488,8029,10219,-2190
06489,12722,8473,4249
06492,18289,16674,1615
06498,3494,2617,877
06510,2233,4279,-2046
06511,20507,8562,11945
06512,11316,12140,-824
06513,15064,2527,12537
06514,10170,12995,-2825
06515,6524,7174,-650
06516,20341,1757,18584
06517,5922,9225,-3303
06518,6304,10829,-4525
06519,5252,5245,7
06524,1768,11655,-9887
06525,3057,3511,-454
06604,10183,3280,6903
06605,9233,5947,3286
06606,17125,559,16566
06607,2685,1388,1297
06608,4750,746,4004
06610,8938,684,8254
06611,12282,378,11904
06612,2719,1228,1491
06614,12842,880,11962
06615,7345,167,7178
06702,1791,2417,-626
06704,10726,2797,7929
06705,11200,795,10405
06706,5423,12507,-7084
06708,12642,10229,2413
06710,3362,674,2688
06712,3238,470,2768
06716,6173,3349,2824
06750,532,928,-396
06751,1340,990,350
06752,728,1434,-706
06753,28,299,-271
06754,675,3811,-3136
06755,337,3192,-2855
06756,1117,15332,-14215
06757,929,2164,-1235
06758,21,433,-412
06759,2380,571,1809
06762,2906,5240,-2334
06763,825,412,413
06770,12212,4208,8004
06776,10297,6816,3481
06777,664,5846,-5182
06778,493,2492,-1999
06779,3405,17820,-14415
06782,807,11533,-10726
06783,939,4781,-3842
06784,1566,6627,-5061
06785,314,11229,-10915
06786,3927,7372,-3445
06787,3076,9332,-6256
06790,14344,5234,9110
06791,2070,6770,-4700
06793,532,8139,-7607
06794,387,11815,-11428
06795,5330,1725,3605
06796,431,11505,-11074
06798,4501,3373,1128
06801,7207,0,7207
06804,6392,2444,3948
06807,2713,8680,-5967
06810,20216,2734,17482
06811,11910,9556,2354
06812,4503,3213,1290
06820,6978,1581,5397
06824,11950,3480,8470
06825,7416,6036,1380
06830,9447,3828,5619
06831,5247,22722,-17475
06840,6937,4881,2056
06850,8013,7178,835
06851,11440,3334,8106
06853,1468,3226,-1758
06854,11076,4857,6219
06855,3548,25802,-22254
06870,2673,18090,-15417
06877,9159,2572,6587
06878,2634,5557,-2923
06880,9522,9424,98
06883,3525,7599,-4074
06890,1680,4346,-2666
06896,3307,10128,-6821
06897,6198,12586,-6388
06901,5053,4873,180
06902,26869,10015,16854
06903,5218,1844,3374
06905,8365,8350,15
06906,3619,13626,-10007
06907,3359,11324,-7965
07001,5055,5770,-715
07002,27036,706,26330
07003,19959,4849,15110
07004,2946,2447,499
07005,5606,16548,-10942
07006,9816,11071,-1255
07008,8231,1645,6586
07009,4791,2511,2280
07010,10296,5591,4705
07011,13357,23958,-10601
07012,5215,5972,-757
07013,11341,13643,-2302
07014,1716,2736,-1020
07016,9029,3538,5491
07017,14597,4025,10572
07018,11407,15449,-4042
07020,6788,9654,-2866
07021,714,7869,-7155
07022,6127,2530,3597
07023,2670,10097,-7427
07024,18189,4300,13889
07026,11762,5355,6407
07027,1814,3626,-1812
07028,2539,1298,1241
07029,8771,21282,-12511
07030,27932,11071,16861
07031,6660,15879,-9219
07032,14294,11046,3248
07033,2755,20083,-17328
07034,4064,4845,-781
07035,4079,1927,2152
07036,16300,4820,11480
07039,10452,13962,-3510
07040,8264,4454,3810
07041,2668,3994,-1326
07042,10454,1228,9226
07043,4148,10273,-6125
07044,5714,5391,323
07045,3629,6156,-2527
07046,1413,2441,-1028
07047,23315,2279,21036
07050,12420,6895,5525
07052,16977,7999,8978
07054,11845,2125,9720
07055,20217,3969,16248
07057,4917,1122,3795
07058,2123,2961,-838
07059,5500,8456,-2956
07060,15777,947,14830
07062,4540,3942,598
07063,4366,5052,-686
07064,1286,7972,-6686
07065,12158,6890,5268
07066,5902,1650,4252
07067,6249,18408,-12159
07068,2429,5602,-3173
07069,2327,22963,-20636
07070,6720,1265,5455
07071,9083,10263,-1180
07072,2411,2386,25
07073,4356,22715,-18359
07074,970,6214,-5244
07075,3735,7400,-3665
07076,8903,4558,4345
07077,1187,10133,-8946
07078,4464,17193,-12729
07079,5680,15451,-9771
07080,8144,10871,-2727
07081,6534,12408,-5874
07082,1980,8158,-6178
07083,19667,12888,6779
07086,7565,11237,-3672
07087,25292,20299,4993
07088,1108,9528,-8420
07090,10531,4117,6414
07092,2546,7644,-5098
07093,24973,13350,11623
07094,8000,7944,56
07095,7748,5188,2560
07102,5835,7230,-1395
07103,12484,7103,5381
07104,19433,10960,8473
07105,18883,17548,1335
07106,12625,14649,-2024
07107,14693,21706,-7013
07108,11094,20071,-8977
07109,13536,15645,-2109
07110,11711,5582,6129
07111,22208,185,22023
07112,10549,2005,8544
07114,4268,2830,1438
07201,9394,6443,2951
07202,14261,7231,7030
07203,7915,11834,-3919
07204,5204,2220,2984
07205,7191,3425,3766
07206,8504,720,7784
07208,12195,3869,8326
07302,25272,1423,23849
07304,18673,2532,16141
07305,25335,2305,23030
07306,21825,1375,20450
07307,17009,9517,7492
07310,6624,9693,-3069
07311,916,2719,-1803
07401,2213,807,1406
07403,2896,4234,-1338
07405,6729,4134,2595
07407,7121,907,6214
07410,11892,1797,10095
07416,2530,4031,-1501
07417,3847,4361,-514
07418,995,5342,-4347
07419,3949,8274,-4325
07420,1877,3677,-1800
07421,2819,3931,-1112
07422,2178,1621,557
07423,1444,3602,-2158
07424,10669,1252,9417
07430,9430,6834,2596
07432,2796,2688,108
07435,1035,3343,-2308
07436,4223,2512,1711
07438,4482,18272,-13790
07439,828,5684,-4856
07440,1531,5660,-4129
07442,4224,0,4224
07444,4736,9791,-5055
07446,5300,4235,1065
07450,8659,5719,2940
07452,3630,3592,38
07456,4200,855,3345
07457,1839,6928,-5089
07458,4000,6801,-2801
07460,1192,3674,-2482
07461,6728,3235,3493
07462,2871,6307,-3436
07463,3354,6333,-2979
07465,2374,3552,-1178
07470,19147,18410,737
07480,5975,2780,3195
07481,5749,4325,1424
07501,12269,3452,8817
07502,4794,891,3903
07503,6086,3709,2377
07504,3984,25,3959
07505,1332,668,664
07506,7463,9087,-1624
07508,8045,2808,5237
07512,3803,3096,707
07513,3182,1649,1533
07514,6582,6333,249
07522,7013,2501,4512
07524,4459,10461,-6002
07601,19995,1859,18136
07603,3102,1624,1478
07604,4226,1130,3096
07605,3470,3491,-21
07606,869,3947,-3078
07607,3755,9115,-5360
07608,26,2761,-2735
07620,485,5947,-5462
07621,9146,1540,7606
07624,2791,1810,981
07626,3036,2672,364
07627,1656,7302,-5646
07628,6626,8481,-1855
07630,2537,3178,-641
07631,11320,4155,7165
07632,1905,4601,-2696
07640,1737,4052,-2315
07641,1059,2106,-1047
07642,3457,5112,-1655
07643,4353,13238,-8885
07644,9235,4907,4328
07645,2920,9373,-6453
07646,6167,3266,2901
07647,1693,1997,-304
07648,1921,9995,-8074
07649,2702,1367,1335
07650,7142,98,7044
07652,8354,2108,6246
07656,3246,564,2682
07657,4032,16246,-12214
07660,4971,3317,1654
07661,4352,943,3409
07662,2248,2094,154
07663,5245,8773,-3528
07666,13122,2343,10779
07670,4981,971,4010
07675,9689,3247,6442
07676,3410,476,2934
07677,2021,8891,-6870
07701,11023,14386,-3363
07702,1361,2388,-1027
07703,0,19909,-19909
07704,2038,6059,-4021
07711,595,12531,-11936
07712,17010,2399,14611
07716,3638,5459,-1821
07717,868,5269,-4401
07718,2393,7601,-5208
07719,9064,1478,7586
07720,1956,2162,-206
07721,1439,2078,-639
07722,3510,12063,-8553
07723,259,6146,-5887
07724,9575,11707,-2132
07726,16214,9743,6471
07727,2366,1603,763
07728,20651,5817,14834
07730,6300,15343,-9043
07731,12958,2217,10741
07732,2559,1771,788
07733,6084,2051,4033
07734,4952,1808,3144
07735,7954,3440,4514
07737,1508,3815,-2307
07738,2321,2479,-158
07739,2224,8065,-5841
07740,12817,1234,11583
07746,5944,0,5944
07747,12839,3314,9525
07748,10067,304,9763
07750,1479,3495,-2016
07751,7018,3417,3601
07753,15843,2427,13416
07755,2037,1763,274
07756,1773,5696,-3923
07757,2384,2313,71
07758,1589,1282,307
07760,3365,36,3329
07762,4133,6726,-2593
07764,2858,4653,-1795
07801,8299,1297,7002
07803,1387,11748,-10361
07820,0,52,-52
07821,3438,4767,-1329
07822,352,43,309
07823,3640,510,3130
07825,3459,1606,1853
07826,2181,3370,-1189
07827,1613,2535,-922
07828,5699,38,5661
07830,2777,1455,1322
07831,0,4401,-4401
07832,1209,1871,-662
07833,48,1471,-1423
07834,6880,10151,-3271
07836,4458,1595,2863
07838,1274,855,419
07840,12148,7927,4221
07842,10,9192,-9182
07843,4391,31,4360
07844,54,7233,-7179
07846,6,3191,-3185
07847,791,3468,-2677
07848,1662,420,1242
07849,3422,18,3404
07850,2494,2,2492
07851,153,5428,-5275
07852,1480,3506,-2026
07853,4306,8111,-3805
07856,1709,9841,-8132
07857,1793,3812,-2019
07860,10152,4082,6070
07863,1510,2516,-1006
07865,895,50,845
07866,8274,1347,6927
07869,9118,6828,2290
07870,21,2662,-2641
07871,7538,1135,6403
07874,3091,3887,-796
07876,3179,1247,1932
07878,246,571,-325
07880,102,191,-89
07881,5,3821,-3816
07882,5836,0,5836
07885,4237,5584,-1347
07901,8555,3149,5406
07920,10227,1087,9140
07921,3921,7227,-3306
07922,4089,17215,-13126
07924,2668,0,2668
07926,19,77,-58
07927,1812,4095,-2283
07928,6614,266,6348
07930,2955,219,2736
07931,1185,225,960
07932,4351,747,3604
07933,952,3314,-2362
07934,498,293,205
07935,135,8559,-8424
07936,3797,10704,-6907
07939,26,4059,-4033
07940,5710,8711,-3001
07945,3377,246,3131
07946,1038,2338,-1300
07950,7938,3551,4387
07960,18312,4578,13734
07961,0,4589,-4589
07970,75,27,48
07974,4588,14617,-10029
07976,129,158,-29
07977,212,7859,-7647
07979,57,11999,-11942
07980,913,313,600
07981,3809,818,2991
08001,284,18407,-18123
08002,9052,3177,5875
08003,11143,180,10963
08004,3838,796,3042
08005,10093,1931,8162
08006,214,6200,-5986
08007,2390,1921,469
08008,3355,4972,-1617
08009,5391,4433,958
08010,4202,6299,-2097
08011,0,6707,-6707
08012,15076,3011,12065
08014,124,2028,-1904
08015,7243,8263,-1020
08016,12594,54,12540
08019,375,21,354
08020,968,394,574
08021,21033,49,20984
08022,3815,11239,-7424
08023,119,1005,-886
08026,758,10739,-9981
08027,1978,4468,-2490
08028,7080,2208,4872
08029,2253,9162,-6909
08030,5129,4661,468
08031,4696,8460,-3764
08032,96,17422,-17326
08033,6308,17431,-11123
08034,7689,9576,-1887
08035,3194,1425,1769
08036,2474,7422,-4948
08037,8907,2245,6662
08038,163,9024,-8861
08039,6,929,-923
08041,402,4945,-4543
08042,31,1094,-1063
08043,11683,15,11668
08045,1198,3030,-1832
08046,10701,3601,7100
08048,4793,702,4091
08049,2058,2772,-714
08050,10646,5161,5485
08051,4298,5399,-1101
08052,8767,3830,4937
08053,18653,58,18595
08054,18545,100,18445
08055,10332,0,10332
08056,1729,10602,-8873
08057,7490,6869,621
08059,2249,3176,-927
08060,9312,4273,5039
08061,1265,12819,-11554
08062,5701,17097,-11396
08063,1125,3549,-2424
08064,37,2658,-2621
08065,3078,6372,-3294
08066,3761,3201,560
08067,569,9757,-9188
08068,2832,9528,-6696
08069,4995,1602,3393
08070,5127,3152,1975
08071,3742,1912,1830
08072,133,1397,-1264
08073,0,4245,-4245
08074,32,13874,-13842
08075,11748,83,11665
08077,7200,13712,-6512
08078,3053,1172,1881
08079,4112,3265,847
08080,14080,2310,11770
08081,17337,4700,12637
08083,3691,8495,-4804
08084,2598,8836,-6238
08085,7080,4138,2942
08086,3468,5710,-2242
08087,10601,7637,2964
08088,9189,8472,717
08089,1363,5947,-4584
08090,3061,3887,-826
08091,2105,1091,1014
08092,1141,4359,-3218
08093,4218,8191,-3973
08094,14952,9436,5516
08095,0,6880,-6880
08096,13643,103,13540
08097,1200,5005,-3805
08098,3493,0,3493
08102,3095,2597,498
08103,4355,1818,2537
08104,8537,225,8312
08105,8411,3271,5140
08106,3835,5809,-1974
08107,5710,2349,3361
08108,8385,5925,2460
08109,8635,14674,-6039
08110,6098,0,6098
08201,4075,360,3715
08202,789,1309,-520
08203,3769,1087,2682
08204,7614,4642,2972
08205,11031,76,10955
08210,7039,480,6559
08212,79,65,14
08215,5594,4592,1002
08217,0,6991,-6991
08221,2621,2940,-319
08223,1868,13918,-12050
08224,62,884,-822
08225,3084,757,2327
08226,5353,2941,2412
08230,2099,150,1949
08232,6359,156,6203
08234,15773,486,15287
08240,5,4197,-4192
08241,450,473,-23
08242,1782,0,1782
08243,1083,71,1012
08244,4635,3534,1101
08245,0,382,-382
08246,26,277,-251
08247,553,610,-57
08248,76,242,-166
08251,4658,554,4104
08260,6145,119,6026
08270,3101,9962,-6861
08302,13716,13125,591
08310,567,317,250
08311,544,783,-239
08312,2921,1701,1220
08314,180,1943,-1763
08316,85,283,-198
08317,571,319,252
08318,4482,153,4329
08319,451,879,-428
08320,0,285,-285
08321,70,185,-115
08322,3418,228,3190
08323,223,14889,-14666
08324,100,6248,-6148
08326,443,16101,-15658
08327,192,3094,-2902
08328,634,566,68
08329,103,4500,-4397
08330,11503,2313,9190
08332,14571,3389,11182
08340,386,6774,-6388
08341,846,1713,-867
08343,1572,380,1192
08344,1930,3962,-2032
08345,292,1640,-1348
08346,194,1482,-1288
08348,22,2068,-2046
08349,837,9593,-8756
08350,150,1744,-1594
08352,115,19342,-19227
08353,120,125,-5
08360,15543,3438,12105
08361,6520,2429,4091
08401,16176,4770,11406
08402,2651,1627,1024
08403,482,8106,-7624
08406,4243,16216,-11973
08501,2476,1529,947
08502,3717,6420,-2703
08505,6831,1981,4850
08510,1738,231,1507
08511,339,1589,-1250
08512,4406,273,4133
08514,1976,2157,-181
08515,2272,2085,187
08518,2214,1150,1064
08520,10362,0,10362
08525,1828,2066,-238
08527,20567,335,20232
08528,187,4384,-4197
08530,3291,11440,-8149
08533,2431,8236,-5805
08534,4574,13343,-8769
08535,1669,9212,-7543
08536,8168,4456,3712
08540,17695,3814,13881
08542,1007,4088,-3081
08544,0,8055,-8055
08550,7310,769,6541
08551,1975,953,1022
08553,280,11806,-11526
08554,1646,7236,-5590
08555,339,5831,-5492
08558,2610,24847,-22237
08559,2253,259,1994
08560,1483,7556,-6073
08561,144,3679,-3535
08562,1476,12702,-11226
08608,505,17098,-16593
08609,4364,1957,2407
08610,11675,7457,4218
08611,10269,605,9664
08618,13691,986,12705
08619,9103,2862,6241
08620,4152,1829,2323
08628,4092,4830,-738
08629,4208,517,3691
08638,8723,764,7959
08640,866,956,-90
08641,1432,9868,-8436
08648,11480,1460,10020
08690,7857,2230,5627
08691,6635,1303,5332
08701,30408,23584,6824
08720,215,9975,-9760
08721,7862,16967,-9105
08722,3916,2968,948
08723,12649,19120,-6471
08724,15927,2846,13081
08730,1805,1295,510
08731,8504,962,7542
08732,664,3991,-3327
08733,1037,13432,-12395
08734,2532,43,2489
08735,2156,2081,75
08736,5297,2742,2555
08738,634,4849,-4215
08740,757,16349,-15592
08741,1051,15367,-14316
08742,10376,12795,-2419
08750,1475,110,1365
08751,1928,11468,-9540
08752,1335,3549,-2214
08753,24947,3753,21194
08755,10299,1711,8588
08757,17702,2000,15702
08758,3303,1675,1628
08759,19912,887,19025
08801,2530,1490,1040
08802,1461,6186,-4725
08804,1138,19080,-17942
08805,5128,1055,4073
08807,13740,3374,10366
08809,2231,3826,-1595
08810,2761,1399,1362
08812,4544,5862,-1318
08816,16472,6218,10254
08817,16234,13159,3075
08820,13310,4919,8391
08821,165,3299,-3134
08822,11462,3060,8402
08823,3476,6140,-2664
08824,4503,1811,2692
08825,1917,17217,-15300
08826,2181,14329,-12148
08827,1561,77,1484
08828,991,7773,-6782
08829,1427,17249,-15822
08830,6410,4422,1988
08831,22751,11554,11197
08832,976,1722,-746
08833,3516,2696,820
08835,4380,7012,-2632
08836,1336,18688,-17352
08837,6874,8197,-1323
08840,6083,8967,-2884
08844,15293,1693,13600
08846,5459,5248,211
08848,2993,3187,-194
08850,3043,2400,643
08852,7141,502,6639
08853,1913,3629,-1716
08854,16954,0,16954
08857,15753,14558,1195
08858,0,14389,-14389
08859,8837,5728,3109
08861,19135,10728,8407
08863,4349,32238,-27889
08865,12885,27618,-14733
08867,1892,1469,423
08869,3119,3323,-204
08872,7501,1659,5842
08873,20794,2459,18335
08876,8926,29892,-20966
08879,9004,15818,-6814
08880,1778,29668,-27890
08882,5658,12847,-7189
08884,3143,10690,-7547
08886,2519,18496,-15977
08887,584,28711,-28127
08889,4242,10111,-5869
08890,7,3102,-3095
08901,15464,24056,-8592
08902,15488,0,15488
08904,6502,23377,-16875
10001,14273,17504,-3231
10002,34737,32610,2127
10003,25181,29381,-4200
10004,2113,43571,-41458
10005,4782,14112,-9330
10006,1991,23052,-21061
10007,3246,24739,-21493
10009,29407,29165,242
10010,16207,12272,3935
10011,29222,20919,8303
10012,11964,20079,-8115
10013,12334,19400,-7066
10014,17685,15058,2627
10016,30115,12339,17776
10017,9471,13908,-4437
10018,4535,8407,-3872
10019,26403,8875,17528
10020,0,10063,-10063
10021,21312,15846,5466
10022,18294,4231,14063
10023,35480,18066,17414
10024,29475,2828,26647
10025,41418,13599,27819
10026,15034,0,15034
10027,23638,0,23638
10028,24790,0,24790
10029,33024,0,33024
10030,13111,0,13111
10031,21473,0,21473
10032,21959,31579,-9620
10033,20079,0,20079
10034,15763,0,15763
10035,14350,0,14350
10036,18598,775,17823
10037,9922,0,9922
10038,10494,0,10494
10039,11550,0,11550
10040,16502,0,16502
10044,4914,0,4914
10065,16112,0,16112
10069,2651,0,2651
10075,12227,0,12227
10103,0,0,0
10110,0,0,0
10111,0,0,0
10112,0,0,0
10115,0,0,0
10119,0,0,0
10128,29351,3847,25504
10152,0,2278,-2278
10153,0,14221,-14221
10154,0,5719,-5719
10162,1208,8180,-6972
10165,0,14432,-14432
10167,0,14799,-14799
10168,0,20365,-20365
10169,0,4814,-4814
10170,0,10195,-10195
10171,0,10433,-10433
10172,0,8498,-8498
10173,0,0,0
10174,0,21306,-21306
10177,0,30713,-30713
10199,0,17178,-17178
10271,0,24638,-24638
10278,0,25142,-25142
10279,56,12392,-12336
10280,4208,12803,-8595
10282,2581,28200,-25619
10301,14308,22066,-7758
10302,5597,25305,-19708
10303,8387,15382,-6995
10304,15160,19359,-4199
10305,15969,19421,-3452
10306,19820,28498,-8678
10307,5146,27386,-22240
10308,10488,2033,8455
10309,12114,15800,-3686
10310,9070,22682,-13612
10311,0,34577,-34577
10312,21708,24363,-2655
10314,31761,22144,9617
10451,20434,5892,14542
10452,27940,8758,19182
10453,27864,20987,6877
10454,14259,20297,-6038
10455,15673,3769,11904
10456,31718,17575,14143
10457,25682,395,25287
10458,29090,1794,27296
10459,17453,123,17330
10460,21480,2440,19040
10461,19084,168,18916
10462,29843,1819,28024
10463,30201,2002,28199
10464,1958,7129,-5171
10465,16211,3553,12658
10466,25014,898,24116
10467,38175,9219,28956
10468,27795,4067,23728
10469,23517,2207,21310
10470,6412,205,6207
10471,9015,536,8479
10472,21876,67,21809
10473,22362,5245,17117
10474,3649,3816,-167
10475,18608,2674,15934
10501,495,1526,-1031
10502,1882,660,1222
10503,50,378,-328
10504,2753,4802,-2049
10505,411,5731,-5320
10506,2033,1670,363
10507,1984,2876,-892
10509,7126,239,6887
10510,3776,3444,332
10511,742,786,-44
10512,9213,5992,3221
10514,4327,8928,-4601
10516,2283,7547,-5264
10517,162,0,162
10518,376,439,-63
10519,59,2759,-2700
10520,5110,1097,4013
10522,3812,5727,-1915
10523,3235,13596,-10361
10524,1478,8817,-7339
10526,662,3456,-2794
10527,185,1563,-1378
10528,4622,10393,-5771
10530,6395,8768,-2373
10532,1782,6520,-4738
10533,2362,4160,-1798
10535,136,13058,-12922
10536,3542,1882,1660
10537,875,852,23
10538,5995,184,5811
10540,0,3187,-3187
10541,8869,6066,2803
10542,0,13584,-13584
10543,7155,867,6288
10545,0,3908,-3908
10546,411,2364,-1953
10547,2682,8654,-5972
10548,1219,1562,-343
10549,5930,2248,3682
10550,15504,526,14978
10552,9841,344,9497
10553,3632,10173,-6541
10560,1761,5434,-3673
10562,12342,6593,5749
10566,10404,3984,6420
10567,6623,7082,-459
10570,4072,5824,-1752
10573,13197,2235,10962
10576,1740,22644,-20904
10577,731,6801,-6070
10578,498,12453,-11955
10579,2976,13222,-10246
10580,6246,3234,3012
10583,14143,4006,10137
10588,1248,9291,-8043
10589,3502,3651,-149
10590,2542,10167,-7625
10591,9397,14083,-4686
10594,1632,4098,-2466
10595,2360,5277,-2917
10596,399,7624,-7225
10597,242,8793,-8551
10598,10362,0,10362
10601,5353,0,5353
10603,7307,1606,5701
10604,3893,79,3814
10605,7834,71,7763
10606,5712,1274,4438
10607,2207,621,1586
10701,25954,4111,21843
10703,7995,501,7494
10704,12533,2984,9549
10705,15161,1569,13592
10706,3265,473,2792
10707,3996,2671,1325
10708,9564,4452,5112
10709,3735,1635,2100
10710,10077,1245,8832
10801,15122,3605,11517
10803,4235,1645,2590
10804,5173,2952,2221
10805,8075,337,7738
10901,9093,40,9053
10910,0,178,-178
10911,6,16695,-16689
10913,1484,4713,-3229
10914,106,12706,-12600
10915,32,9265,-9233
10916,1376,80,1296
10917,455,8479,-8024
10918,4389,10237,-5848
10919,462,1064,-602
10920,2868,6449,-3581
10921,1368,1666,-298
10922,407,777,-370
10923,2714,592,2122
10924,4442,5140,-698
10925,1597,1196,401
10926,1478,465,1013
10927,3714,3349,365
10928,1984,794,1190
10930,3418,1030,2388
10931,324,215,109
10932,14,602,-588
10933,87,15007,-14920
10940,18576,109,18467
10941,5324,4606,718
10950,14828,1958,12870
10952,10556,999,9557
10953,0,20,-20
10954,9266,601,8665
10956,9646,1377,8269
10958,990,320,670
10960,5853,3537,2316
10962,1684,7456,-5772
10963,1229,3302,-2073
10964,533,1512,-979
10965,5506,2180,3326
10968,1231,648,583
10969,381,968,-587
10970,3948,9138,-5190
10973,774,12020,-11246
10974,1252,5159,-3907
10975,44,1495,-1451
10976,602,7978,-7376
10977,16454,1866,14588
10979,0,7562,-7562
10980,4701,3100,1601
10983,1890,2280,-390
10984,891,5900,-5009
10985,82,13211,-13129
10986,539,0,539
10987,1471,11009,-9538
10988,237,2443,-2206
10989,3437,10542,-7105
10990,7958,13876,-5918
10992,3070,16209,-13139
10993,1562,11718,-10156
10994,2416,16297,-13881
10996,860,16739,-15879
10998,1158,1711,-553
11001,8688,23739,-15051
11003,12279,27143,-14864
11004,5302,25084,-19782
11005,1452,14397,-12945
11010,8247,27918,-19671
11020,1795,31008,-29213
11021,8071,28787,-20716
11023,3018,30994,-27976
11024,2093,21690,-19597
11030,5788,34079,-28291
11040,13387,29857,-16470
11042,0,23229,-23229
11050,11584,30214,-18630
11096,2464,28558,-26094
11101,15764,22780,-7016
11102,12265,16624,-4359
11103,15515,24853,-9338
11104,11864,26693,-14829
11105,15352,30235,-14883
11106,18225,27635,-9410
11109,3109,16156,-13047
11201,31084,26973,4111
11203,29002,18475,10527
11204,25207,23106,2101
11205,16926,36134,-19208
11206,31256,14935,16321
11207,33996,30668,3328
11208,33551,29783,3768
11209,30150,15336,14814
11210,21720,8882,12838
11211,26082,25943,139
11212,31594,32004,-410
11213,26098,31057,-4959
11214,31716,31463,253
11215,29395,16277,13118
11216,26106,22896,3210
11217,18052,6390,11662
11218,26140,0,26140
11219,24000,19620,4380
11220,27487,28672,-1185
11221,33851,7516,26335
11222,18636,15078,3558
11223,27484,13599,13885
11224,19218,0,19218
11225,24609,8816,15793
11226,37128,10547,26581
11228,15485,6998,8487
11229,31057,2679,28378
11230,31670,13495,18175
11231,16738,15241,1497
11232,9207,4372,4835
11233,32147,14353,17794
11234,32645,27854,4791
11235,34712,11230,23482
11236,33728,8746,24982
11237,17515,0,17515
11238,26009,24051,1958
11239,7845,31661,-23816
11249,15811,19255,-3444
11354,20400,32043,-11643
11355,29217,32069,-2852
11356,8104,12405,-4301
11357,15456,13579,1877
11358,13190,34525,-21335
11359,0,6189,-6189
11360,8822,11036,-2214
11361,10842,11984,-1142
11362,7279,11261,-3982
11363,2908,8433,-5525
11364,13797,6920,6877
11365,16167,9180,6987
11366,4619,11020,-6401
11367,14568,12405,2163
11368,29550,13508,16042
11369,9551,12135,-2584
11370,7823,9738,-1915
11371,0,9792,-9792
11372,25164,0,25164
11373,31438,0,31438
11374,19938,5936,14002
11375,33099,7920,25179
11377,32419,5817,26602
11378,12885,7568,5317
11379,13887,0,13887
11385,37050,18706,18344
11411,6509,9772,-3263
11412,11500,19845,-8345
11413,12983,18023,-5040
11414,11516,5206,6310
11415,8546,0,8546
11416,7372,7404,-32
11417,9347,2340,7007
11418,11609,887,10722
11419,12856,10554,2302
11420,13555,1785,11770
11421,11676,2416,9260
11422,10191,3890,6301
11423,10007,13804,-3797
11424,0,9260,-9260
11426,6256,9713,-3457
11427,7970,4405,3565
11428,6298,226,6072
11429,7974,324,7650
11430,0,0,0
11432,19783,17025,2758
11433,10822,7179,3643
11434,22264,6151,16113
11435,19075,12288,6787
11436,5852,0,5852
11439,0,2465,-2465
11451,0,2864,-2864
11501,8361,2416,5945
11507,2277,2393,-116
11509,730,16403,-15673
11510,10901,8395,2506
11514,1682,3147,-1465
11516,2725,11157,-8432
11518,4050,900,3150
11520,14611,583,14028
11530,9521,9920,-399
11542,10877,10411,466
11545,4325,4266,59
11547,202,4413,-4211
11548,340,4253,-3913
11549,0,2059,-2059
11550,17544,12506,5038
11552,7304,6578,726
11553,6850,13659,-6809
11554,11808,3678,8130
11556,0,4002,-4002
11557,2701,19221,-16520
11558,2917,5728,-2811
11559,2389,4529,-2140
11560,2384,8328,-5944
11561,15771,1742,14029
11563,7765,8942,-1177
11565,3209,5392,-2183
11566,11534,5582,5952
11568,1022,13355,-12333
11569,577,2725,-2148
11570,10740,19676,-8936
11572,10306,2489,7817
11575,4334,11390,-7056
11576,4526,3483,1043
11577,4136,7792,-3656
11579,1834,1612,222
11580,13353,3729,9624
11581,7021,13839,-6818
11590,14677,1047,13630
11596,3474,951,2523
11598,3933,9047,-5114
11691,21572,2359,19213
11692,8035,10104,-2069
11693,5257,893,4364
11694,8392,9492,-1100
11697,1403,5953,-4550
11701,9162,11070,-1908
11702,5494,9508,-4014
11703,5518,4613,905
11704,12972,9960,3012
11705,3027,1400,1627
11706,18882,5945,12937
11709,2732,11085,-8353
11710,11362,5536,5826
11713,3256,483,2773
11714,7926,3393,4533
11715,1595,9488,-7893
11716,3545,4420,-875
11717,14754,15133,-379
11718,1023,21327,-20304
11719,1149,7254,-6105
11720,8948,1059,7889
11721,2315,5116,-2801
11722,9436,2923,6513
11724,946,4063,-3117
11725,9220,6528,2692
11726,6034,4053,1981
11727,10906,13913,-3007
11729,8562,14966,-6404
11730,4854,18209,-13355
11731,10667,7375,3292
11732,1547,9451,-7904
11733,5911,4279,1632
11735,11175,228,10947
11738,5346,4159,1187
11739,572,4650,-4078
11740,3353,7736,-4383
11741,9023,3399,5624
11742,4514,89,4425
11743,15300,3466,11834
11746,21544,16258,5286
11747,7425,8324,-899
11749,1151,3587,-2436
11751,5212,4221,991
11752,3029,13111,-10082
11753,4155,5079,-924
11754,6691,5433,1258
11755,4052,7166,-3114
11756,14088,8027,6061
11757,14401,1948,12453
11758,19159,11948,7211
11762,7737,5556,2181
11763,9540,2562,6978
11764,4240,4550,-310
11765,244,8044,-7800
11766,3888,3129,759
11767,4729,10628,-5899
11768,7882,0,7882
11769,3210,8242,-5032
11770,52,1202,-1150
11771,3699,3134,565
11772,16989,3988,13001
11776,7830,12811,-4981
11777,3456,9609,-6153
11778,4449,1668,2781
11779,12882,9840,3042
11780,5602,566,5036
11782,5422,21,5401
11783,7094,437,6657
11784,8209,3006,5203
11786,1977,2510,-533
11787,11920,1338,10582
11788,5443,6347,-904
11789,2655,524,2131
11790,4391,1882,2509
11791,8170,745,7425
11792,3156,1756,1400
11793,10407,1800,8607
11794,0,5376,-5376
11795,8107,83,8024
11796,1351,399,952
11797,3030,4834,-1804
11798,4871,5088,-217
11801,12915,4372,8543
11803,10344,1753,8591
11804,1464,4993,-3529
11901,11065,1667,9398
11930,366,1445,-1079
11931,0,170,-170
11932,431,313,118
11933,3038,172,2866
11934,2721,301,2420
11935,1224,414,810
11937,8328,5325,3003
11939,629,172,457
11940,1850,3041,-1191
11941,820,797,23
11942,2183,298,1885
11944,2207,7929,-5722
11946,6312,4548,1764
11947,0,311,-311
11948,255,2506,-2251
11949,4799,318,4481
11950,4759,0,4759
11951,4718,133,4585
11952,2201,861,1340
11953,5708,1025,4683
11954,1571,1403,168
11955,1470,1493,-23
11956,148,31,117
11957,521,175,346
11958,310,2931,-2621
11959,235,12062,-11827
11960,445,1200,-755
11961,5676,116,5560
11962,127,2858,-2731
11963,3318,5605,-2287
11964,1366,12329,-10963
11965,417,403,14
11967,8195,926,7269
11968,5193,31,5162
11970,282,2371,-2089
11971,2745,1353,1392
11972,272,452,-180
11973,0,398,-398
11975,189,51,138
11976,938,352,586
11977,1049,3251,-2202
11978,1442,297,1145
11980,2060,66,1994
12007,127,1729,-1602
12008,181,34,147
12009,3154,161,2993
12010,11049,153,10896
12015,1282,3031,-1749
12017,218,203,15
12018,3014,373,2641
12019,6275,8566,-2291
12020,14242,1730,12512
12022,340,582,-242
12023,805,1463,-658
12024,38,6703,-6665
12025,2165,929,1236
12027,1675,833,842
12028,323,652,-329
12029,496,623,-127
12031,83,563,-480
12032,282,3852,-3570
12033,3457,667,2790
12035,191,181,10
12036,90,237,-147
12037,1808,16891,-15083
12040,11,986,-975
12041,188,547,-359
12042,115,1239,-1124
12043,2709,91,2618
12045,233,587,-354
12046,271,90,181
12047,9863,898,8965
12051,1513,1135,378
12052,768,1170,-402
12053,1476,653,823
12054,6816,2378,4438
12056,765,9580,-8815
12057,813,1613,-800
12058,427,2003,-1576
12059,621,205,416
12060,783,677,106
12061,4098,426,3672
12062,638,45,593
12063,310,2267,-1957
12064,177,450,-273
12065,17855,698,17157
12066,710,714,-4
12067,589,5037,-4448
12068,973,957,16
12069,119,127,-8
12070,755,7474,-6719
12071,99,92,7
12072,970,759,211
12074,1179,1405,-226
12075,1010,5670,-4660
12076,572,309,263
12077,2675,694,1981
12078,9418,1855,7563
12082,2,2241,-2239
12083,1328,227,1101
12084,2085,638,1447
12085,130,426,-296
12086,704,33,671
12087,413,120,293
12090,2309,1523,786
12092,601,325,276
12093,654,630,24
12094,902,1288,-386
12095,5131,71,5060
12106,1017,673,344
12108,119,2034,-1915
12110,7749,8549,-800
12115,34,184,-150
12116,618,1584,-966
12117,1267,954,313
12118,7343,315,7028
12120,290,274,16
12121,724,375,349
12122,1896,999,897
12123,1998,794,1204
12124,97,314,-217
12125,512,1812,-1300
12130,161,2291,-2130
12131,69,3248,-3179
12132,98,339,-241
12134,1702,110,1592
12136,304,131,173
12137,759,82,677
12138,1296,512,784
12139,89,1007,-918
12140,595,730,-135
12143,2179,129,2050
12144,9380,1860,7520
12147,219,116,103
12148,1928,713,1215
12149,955,97,858
12150,273,287,-14
12151,370,130,240
12153,314,272,42
12154,1311,21607,-20296
12155,681,6040,-5359
12156,342,1064,-722
12157,1761,2753,-992
12158,2706,963,1743
12159,3714,2471,1243
12160,333,174,159
12161,8,4472,-4464
12164,123,8037,-7914
12165,89,315,-226
12166,541,678,-137
12167,1050,775,275
12168,771,90,681
12169,187,104,83
12170,2018,1393,625
12172,77,1010,-933
12173,727,2822,-2095
12174,208,4086,-3878
12175,281,12474,-12193
12176,186,3073,-2887
12177,233,11456,-11223
12180,21958,6545,15413
12182,6634,998,5636
12183,1282,9440,-8158
12184,2804,4374,-1570
12185,741,4477,-3736
12186,2546,4199,-1653
12187,225,0,225
12188,4977,10609,-5632
12189,8694,11404,-2710
12190,170,8223,-8053
12192,651,2185,-1534
12193,787,9916,-9129
12194,56,2310,-2254
12195,108,5427,-5319
12196,1302,11406,-10104
12197,745,14443,-13698
12198,2767,1175,1592
12202,4203,218,3985
12203,13755,321,13434
12204,3819,117,3702
12205,11324,294,11030
12206,6443,263,6180
12207,1225,182,1043
12208,9876,301,9575
12209,4247,1299,2948
12210,5475,3834,1641
12211,4431,216,4215
12222,0,223,-223
12226,0,154,-154
12302,10951,191,10760
12303,11346,199,11147
12304,8200,207,7993
12305,3393,85,3308
12306,10556,415,10141
12307,2774,133,2641
12308,5693,73,5620
12309,12167,2395,9772
12401,14536,126,14410
12404,1419,408,1011
12405,218,598,-380
12406,298,192,106
12407,40,172,-132
12409,442,302,140
12410,215,122,93
12411,157,230,-73
12412,253,21,232
12413,1147,70,1077
12414,4363,952,3411
12416,137,35,102
12417,408,414,-6
12418,108,1484,-1376
12419,272,231,41
12420,88,1953,-1865
12421,140,230,-90
12422,138,1285,-1147
12423,412,137,275
12424,144,737,-593
12427,143,106,37
12428,2594,124,2470
12429,19,91,-72
12430,607,874,-267
12431,611,264,347
12432,310,485,-175
12433,229,908,-679
12434,384,92,292
12435,85,88,-3
12436,160,907,-747
12438,8,498,-490
12439,155,446,-291
12440,627,114,513
12441,62,1035,-973
12442,390,417,-27
12443,1570,322,1248
12444,147,338,-191
12446,2023,188,1835
12448,99,705,-606
12449,1198,352,846
12450,99,567,-468
12451,449,168,281
12452,13,7669,-7656
12453,100,275,-175
12454,155,545,-390
12455,796,261,535
12456,238,127,111
12457,595,1209,-614
12458,856,340,516
12459,63,593,-530
12460,108,1145,-1037
12461,610,204,406
12463,613,18,595
12464,545,863,-318
12465,151,143,8
12466,896,138,758
12468,573,355,218
12469,329,100,229
12470,193,700,-507
12471,288,2242,-1954
12472,608,824,-216
12473,236,428,-192
12474,400,339,61
12475,176,5,171
12477,7790,15,7775
12480,169,7631,-7462
12481,555,100,455
12482,128,274,-146
12483,22,1002,-980
12484,1486,526,960
12485,370,669,-299
12486,605,233,372
12487,1499,2164,-665
12489,96,1171,-1075
12490,0,607,-607
12491,715,2150,-1435
12492,92,762,-670
12493,57,5783,-5726
12494,342,1284,-942
12495,92,1479,-1387
12496,496,108,388
12498,2405,5268,-2863
12501,875,1052,-177
12502,454,5,449
12503,225,1056,-831
12504,9,8485,-8476
12507,92,7597,-7505
12508,7588,5313,2275
12512,76,2700,-2624
12513,117,2293,-2176
12514,1327,1077,250
12515,545,1947,-1402
12516,780,1115,-335
12517,164,964,-800
12518,2318,605,1713
12520,1203,3448,-2245
12521,700,19013,-18313
12522,1862,9528,-7666
12523,846,6225,-5379
12524,6233,2369,3864
12525,752,2739,-1987
12526,1444,551,893
12527,6,3864,-3858
12528,5425,1055,4370
12529,865,3640,-2775
12530,54,2416,-2362
12531,872,4043,-3171
12533,8556,3586,4970
12534,7568,189,7379
12538,5347,585,4762
12540,3009,474,2535
12542,2407,964,1443
12543,1286,1773,-487
12544,59,958,-899
12545,2009,1480,529
12546,1215,877,338
12547,1229,247,982
12548,446,4396,-3950
12549,3469,4907,-1438
12550,19586,12882,6704
12553,9718,633,9085
12561,6429,1465,4964
12563,2196,16060,-13864
12564,2855,15562,-12707
12565,548,0,548
12566,4224,4294,-70
12567,1021,477,544
12569,4002,45,3957
12570,2291,2387,-96
12571,3616,61,3555
12572,3904,835,3069
12574,195,144,51
12575,623,108,515
12577,514,386,128
12578,871,815,56
12580,1655,258,1397
12581,844,157,687
12582,1454,383,1071
12583,734,83,651
12585,378,822,-444
12586,4476,172,4304
12589,5431,770,4661
12590,14041,160,13881
12592,533,143,390
12594,1581,114,1467
12601,16972,90,16882
12603,16534,372,16162
12604,0,473,-473
12701,4713,887,3826
12719,503,130,373
12720,34,49,-15
12721,2241,309,1932
12722,25,102,-77
12723,767,2844,-2077
12724,28,1694,-1666
12725,74,600,-526
12726,601,252,349
12729,530,233,297
12732,446,340,106
12733,139,739,-600
12734,393,291,102
12736,70,185,-115
12737,634,45,589
12738,105,399,-294
12740,727,62,665
12741,91,106,-15
12742,61,5444,-5383
12743,136,849,-713
12745,15,878,-863
12746,301,390,-89
12747,782,202,580
12748,835,824,11
12749,148,891,-743
12750,12,140,-128
12751,443,621,-178
12752,170,43,127
12754,2661,378,2283
12758,1893,287,1606
12759,586,207,379
12760,217,860,-643
12762,158,717,-559
12763,291,1851,-1560
12764,799,372,427
12765,397,166,231
12766,267,6889,-6622
12767,54,3204,-3150
12768,212,11209,-10997
12769,145,173,-28
12770,83,1426,-1343
12771,5597,258,5339
12775,862,92,770
12776,723,79,644
12777,340,880,-540
12778,149,434,-285
12779,639,1902,-1263
12780,909,888,21
12781,49,180,-131
12783,550,151,399
12784,1,2320,-2319
12785,407,103,304
12786,271,329,-58
12787,38,1444,-1406
12788,714,3931,-3217
12789,785,6416,-5631
12790,1766,2595,-829
12791,245,1721,-1476
12792,69,2677,-2608
12801,6718,1075,5643
12803,3689,281,3408
12804,11851,364,11487
12808,109,201,-92
12809,1493,5615,-4122
12810,259,70,189
12811,63,520,-457
12812,50,228,-178
12814,685,56,629
12815,517,2222,-1705
12816,2072,1283,789
12817,939,281,658
12819,121,147,-26
12820,32,1025,-993
12821,65,96,-31
12822,2349,226,2123
12823,138,567,-429
12824,423,70,353
12827,1349,30,1319
12828,3740,191,3549
12831,6804,30,6774
12832,2717,948,1769
12833,2102,249,1853
12834,2398,309,2089
12835,1273,0,1273
12836,297,234,63
12837,406,21,385
12838,302,1494,-1192
12839,5884,15860,-9976
12841,90,695,-605
12842,262,1728,-1466
12843,276,27,249
12844,103,344,-241
12845,2072,90,1982
12846,1570,363,1207
12847,164,2423,-2259
12849,128,155,-27
12850,1010,1928,-918
12851,172,147,25
12852,176,2071,-1895
12853,600,13157,-12557
12854,19,607,-588
12855,112,710,-598
12856,152,19,133
12857,316,1016,-700
12858,58,515,-457
12859,758,301,457
12860,166,820,-654
12861,208,496,-288
12862,105,929,-824
12863,404,1132,-728
12864,2,1040,-1038
12865,1362,975,387
12866,17464,19,17445
12870,758,247,511
12871,1586,36,1550
12872,49,795,-746
12873,349,104,245
12874,75,794,-719
12878,282,449,-167
12883,2103,311,1792
12884,261,555,-294
12885,1958,3,1955
12886,77,457,-380
12887,1779,595,1184
12901,13906,239,13667
12903,785,582,203
12910,621,84,537
12911,0,466,-466
12912,672,270,402
12913,485,133,352
12914,350,1741,-1391
12915,38,194,-156
12916,915,2539,-1624
12917,469,290,179
12918,1170,207,963
12919,1200,4653,-3453
12920,974,161,813
12921,916,369,547
12922,25,836,-811
12923,218,783,-565
12924,17,578,-561
12926,991,487,504
12927,157,95,62
12928,853,2337,-1484
12929,336,80,256
12930,299,179,120
12932,528,1297,-769
12933,20,405,-385
12934,418,193,225
12935,697,119,578
12936,271,2621,-2350
12937,614,84,530
12939,77,647,-570
12941,632,129,503
12942,318,62,256
12943,149,0,149
12944,1695,120,1575
12945,140,1253,-1113
12946,2000,549,1451
12950,275,975,-700
12952,90,3678,-3588
12953,4710,339,4371
12955,147,2562,-2415
12956,552,125,427
12957,637,496,141
12958,787,1861,-1074
12959,771,661,110
12960,489,830,-341
12961,105,498,-393
12962,1956,277,1679
12964,19,60,-41
12965,179,16725,-16546
12966,1099,0,1099
12967,491,530,-39
12969,142,13070,-12928
12970,128,515,-387
12972,2866,2775,91
12973,37,1592,-1555
12974,973,6177,-5204
12975,157,5363,-5206
12976,109,1659,-1550
12977,0,712,-712
12978,79,3063,-2984
12979,1138,3338,-2200
12980,473,3310,-2837
12981,905,6546,-5641
12983,3320,898,2422
12985,408,3718,-3310
12986,2311,845,1466
12987,106,868,-762
12989,393,10586,-10193
12992,1657,13,1644
12993,674,653,21
12996,863,1674,-811
12997,549,576,-27
12998,69,6559,-6490
13020,32,992,-960
13021,16501,505,15996
13024,0,101,-101
13026,551,733,-182
13027,14542,8,14534
13028,304,5111,-4807
13029,2965,2295,670
13030,1483,9612,-8129
13031,6754,358,6396
13032,4833,326,4507
13033,1341,2570,-1229
13034,739,1797,-1058
13035,2919,828,2091
13036,3842,2639,1203
13037,3539,3701,-162
13039,6640,1377,5263
13040,1094,505,589
13041,4533,1824,2709
13042,793,686,107
13044,1210,1747,-537
13045,10710,94,10616
13051,30,9983,-9953
13052,691,11653,-10962
13053,1807,1065,742
13054,399,936,-537
13057,6381,70,6311
13060,1168,138,1030
13061,308,5766,-5458
13062,107,2527,-2420
13063,810,938,-128
13065,119,620,-501
13066,5361,731,4630
13068,1996,99,1897
13069,9946,2631,7315
13071,315,49,266
13072,328,1525,-1197
13073,2689,82,2607
13074,1696,1987,-291
13076,851,801,50
13077,2947,300,2647
13078,3800,39,3761
13080,1403,60,1343
13081,523,13498,-12975
13082,1526,1318,208
13083,823,1487,-664
13084,1453,31,1422
13087,69,2565,-2496
13088,10334,200,10134
13090,11883,14,11869
13092,935,1612,-677
13101,923,172,751
13102,35,2578,-2543
13103,82,1015,-933
13104,6444,505,5939
13108,2675,728,1947
13110,892,883,9
13111,557,492,65
13112,572,4521,-3949
13113,14,3263,-3249
13114,2938,97,2841
13115,96,241,-145
13116,1422,996,426
13117,125,367,-242
13118,2098,597,1501
13119,0,2150,-2150
13120,712,763,-51
13121,0,276,-276
13122,518,133,385
13123,0,899,-899
13124,62,4315,-4253
13126,13249,2357,10892
13131,1302,1113,189
13132,1609,2138,-529
13134,27,7104,-7077
13135,2348,8311,-5963
13136,134,7493,-7359
13138,52,7567,-7515
13140,1653,5366,-3713
13141,290,8826,-8536
13142,2464,5576,-3112
13143,923,7797,-6874
13144,507,2730,-2223
13145,696,8782,-8086
13146,777,3054,-2277
13147,362,5713,-5351
13148,4822,6245,-1423
13152,3396,3711,-315
13153,120,0,120
13154,10,75,-65
13155,248,539,-291
13156,880,431,449
13157,257,608,-351
13158,500,108,392
13159,2139,1531,608
13160,841,2358,-1517
13162,205,198,7
13163,106,139,-33
13164,851,204,647
13165,4275,188,4087
13166,2363,597,1766
13167,1260,2635,-1375
13202,3087,1412,1675
13203,7788,536,7252
13204,8392,397,7995
13205,7178,911,6267
13206,7848,461,7387
13207,5290,452,4838
13208,8832,3793,5039
13209,5895,930,4965
13210,7432,393,7039
13211,2398,2323,75
13212,8865,833,8032
13214,3010,553,2457
13215,5390,1598,3792
13219,6236,139,6097
13224,3510,965,2545
13244,14,23,-9
13290,0,420,-420
13301,63,584,-521
13302,558,317,241
13303,563,493,70
13304,746,2468,-1722
13305,83,3227,-3144
13308,1631,74,1557
13309,2525,89,2436
13310,268,626,-358
13312,157,108,49
13313,212,1782,-1570
13314,24,557,-533
13315,526,4221,-3695
13316,2746,74,2672
13317,1381,25,1356
13318,427,1202,-775
13319,325,296,29
13320,745,4739,-3994
13321,356,251,105
13322,455,350,105
13323,4433,42,4391
13324,836,811,25
13325,422,113,309
13326,2064,3840,-1776
13327,780,3401,-2621
13328,631,498,133
13329,1587,707,880
13331,40,1603,-1563
13332,865,106,759
13333,42,306,-264
13334,394,2243,-1849
13335,455,795,-340
13337,335,1009,-674
13338,634,130,504
13339,2051,1466,585
13340,3084,6698,-3614
13342,88,24,64
13343,642,888,-246
13345,64,1643,-1579
13346,1953,116,1837
13348,583,574,9
13350,4253,5524,-1271
13352,1,871,-870
13353,14,909,-895
13354,1205,584,621
13355,353,823,-470
13357,4269,707,3562
13360,40,87,-47
13361,245,54,191
13363,866,227,639
13364,107,1626,-1519
13365,3073,1633,1440
13367,3534,16976,-13442
13368,469,0,469
13402,552,71,481
13403,1719,1823,-104
13404,50,267,-217
13406,149,1640,-1491
13407,1983,929,1054
13408,736,1623,-887
13409,796,1382,-586
13410,262,390,-128
13411,1154,182,972
13413,6626,282,6344
13415,30,280,-250
13416,884,1311,-427
13417,1625,149,1476
13418,60,255,-195
13420,498,13,485
13421,5386,1157,4229
13424,875,595,280
13425,831,1118,-287
13428,598,1365,-767
13431,642,88,554
13433,584,67,517
13435,106,363,-257
13436,31,275,-244
13437,117,43,74
13438,1253,190,1063
13439,1400,522,878
13440,16630,1367,15263
13441,88,4812,-4724
13450,102,783,-681
13452,1805,178,1627
13454,362,886,-524
13455,17,14458,-14441
13456,1487,13793,-12306
13457,23,15760,-15737
13459,797,184,613
13460,1619,3511,-1892
13461,1299,1946,-647
13464,561,1147,-586
13468,121,883,-762
13469,469,540,-71
13470,250,1172,-922
13471,1022,1067,-45
13472,78,123,-45
13473,426,405,21
13475,17,814,-797
13476,1301,3514,-2213
13477,515,905,-390
13478,1310,4322,-3012
13480,1274,809,465
13482,27,280,-253
13483,157,1065,-908
13484,0,33,-33
13485,499,1927,-1428
13486,325,873,-548
13488,55,742,-687
13489,178,108,70
13490,388,526,-138
13491,1289,119,1170
13492,4760,1633,3127
13493,806,343,463
13494,94,101,-7
13495,820,1707,-887
13501,14700,137,14563
13502,13199,71,13128
13601,16326,122,16204
13602,0,39,-39
13603,4212,3655,557
13605,1950,30,1920
13606,1116,1087,29
13607,833,30,803
13608,653,1022,-369
13611,155,524,-369
13612,1180,90,1090
13613,1043,608,435
13614,105,782,-677
13615,294,1281,-987
13616,966,994,-28
13617,4130,772,3358
13618,650,216,434
13619,4262,816,3446
13620,781,685,96
13621,206,7446,-7240
13622,731,252,479
13623,28,455,-427
13624,1952,141,1811
13625,663,1254,-591
13626,885,1321,-436
13628,85,6515,-6430
13630,468,189,279
13632,70,296,-226
13633,94,840,-746
13634,1489,64,1425
13635,393,7,386
13636,54,4733,-4679
13637,1792,74,1718
13638,143,116,27
13639,40,641,-601
13640,127,433,-306
13641,26,305,-279
13642,3694,265,3429
13643,21,437,-416
13645,0,1107,-1107
13646,818,278,540
13647,71,333,-262
13648,839,1288,-449
13649,4,45,-41
13650,620,212,408
13651,89,607,-518
13652,649,21,628
13654,900,42,858
13655,1450,1088,362
13656,1048,1269,-221
13658,927,473,454
13659,153,3001,-2848
13660,638,2149,-1511
13661,668,778,-110
13662,7219,905,6314
13664,152,388,-236
13665,336,207,129
13666,86,1555,-1469
13667,1224,542,682
13668,1381,884,497
13669,5510,1581,3929
13670,175,333,-158
13672,202,64,138
13673,825,337,488
13674,36,2075,-2039
13675,13,1469,-1456
13676,5280,617,4663
13678,97,229,-132
13679,482,407,75
13680,433,19084,-18651
13681,419,77,342
13682,311,647,-336
13683,0,213,-213
13684,451,268,183
13685,1046,2481,-1435
13687,231,428,-197
13690,312,307,5
13691,1155,1020,135
13692,86,71,15
13693,149,182,-33
13694,579,1236,-657
13695,53,383,-330
13696,110,8035,-7925
13697,787,46,741
13699,0,1521,-1521
13730,1207,500,707
13731,525,779,-254
13732,3058,484,2574
13733,2166,193,1973
13734,888,1450,-562
13736,820,194,626
13738,18,82,-64
13739,325,513,-188
13740,234,747,-513
13743,1567,681,886
13744,457,546,-89
13746,866,1713,-847
13747,22,934,-912
13748,1544,427,1117
13750,350,5626,-5276
13751,49,8215,-8166
13752,315,1368,-1053
13753,1808,0,1808
13754,1134,4956,-3822
13755,385,1677,-1292
13756,241,254,-13
13757,542,1655,-1113
13760,19362,46,19316
13774,113,574,-461
13775,724,1907,-1183
13776,218,518,-300
13777,146,203,-57
13778,2303,179,2124
13780,311,660,-349
13782,272,287,-15
13783,1080,107,973
13784,98,137,-39
13786,194,39,155
13787,1399,1735,-336
13788,382,9134,-8752
13790,8124,3100,5024
13795,1537,94,1443
13796,465,19,446
13797,832,205,627
13801,619,1565,-946
13802,504,238,266
13803,1516,473,1043
13804,79,2579,-2500
13806,88,8352,-8264
13807,471,0,471
13808,520,7981,-7461
13809,719,3609,-2890
13810,566,11311,-10745
13811,1558,3757,-2199
13812,908,4110,-3202
13813,255,771,-516
13814,10,3872,-3862
13815,5728,487,5241
13820,7376,2420,4956
13825,1174,2528,-1354
13826,94,880,-786
13827,5084,706,4378
13830,2050,9736,-7686
13832,159,650,-491
13833,1462,1273,189
13834,116,368,-252
13835,508,588,-80
13838,1603,628,975
13839,502,3693,-3191
13841,234,2555,-2321
13842,196,808,-612
13843,787,832,-45
13844,223,64,159
13846,226,2162,-1936
13847,10,367,-357
13849,1987,35,1952
13850,9311,773,8538
13856,2696,106,2590
13859,44,1664,-1620
13860,48,10692,-10644
13861,291,2542,-2251
13862,1585,6526,-4941
13863,209,7471,-7262
13864,607,6835,-6228
13865,2521,552,1969
13901,8480,629,7851
13902,0,3051,-3051
13903,8127,796,7331
13904,3637,3772,-135
13905,11321,286,11035
14001,4121,102,4019
14004,3920,1358,2562
14005,737,5631,-4894
14006,3996,699,3297
14008,609,516,93
14009,2558,1841,717
14011,2172,2695,-523
14012,1061,297,764
14013,647,2112,-1465
14020,10145,7793,2352
14024,578,17534,-16956
14025,1682,1817,-135
14026,295,1204,-909
14027,38,149,-111
14028,642,2571,-1929
14029,33,11831,-11798
14030,702,442,260
14031,3967,4749,-782
14032,3733,20843,-17110
14033,684,1205,-521
14034,771,764,7
14035,32,506,-474
14036,2217,4217,-2000
14037,390,1703,-1313
14039,38,2110,-2072
14040,718,0,718
14041,64,1189,-1125
14042,1860,6,1854
14043,11177,238,10939
14047,2481,18898,-16417
14048,6831,1501,5330
14051,7892,321,7571
14052,7274,11828,-4554
14054,510,614,-104
14055,683,98,585
14056,103,1920,-1817
14057,3165,2399,766
14058,750,18,732
14059,3761,46,3715
14060,190,2036,-1846
14061,26,817,-791
14062,1330,850,480
14063,5003,3193,1810
14065,597,423,174
14066,463,606,-143
14067,1806,18507,-16701
14068,2842,729,2113
14069,261,32,229
14070,2313,158,2155
14072,8800,917,7883
14075,19501,820,18681
14080,1733,1273,460
14081,1228,150,1078
14082,221,2254,-2033
14083,5,6244,-6239
14085,2818,1905,913
14086,14655,646,14009
14091,561,4536,-3975
14092,4776,9818,-5042
14094,21279,9216,12063
14098,1154,4080,-2926
14101,710,4066,-3356
14102,548,5796,-5248
14103,4542,9116,-4574
14105,1770,4728,-2958
14108,2157,8945,-6788
14109,0,8037,-8037
14111,1248,15571,-14323
14112,37,11230,-11193
14113,309,10488,-10179
14120,18918,8656,10262
14125,1384,5133,-3749
14126,214,10054,-9840
14127,12446,22126,-9680
14129,440,7286,-6846
14130,39,9577,-9538
14131,1931,16720,-14789
14132,2587,14465,-11878
14134,37,12378,-12341
14135,46,10370,-10324
14136,2180,8684,-6504
14138,738,0,738
14139,727,5974,-5247
14141,3306,0,3306
14143,426,2601,-2175
14145,502,12644,-12142
14150,19293,6877,12416
14166,103,4837,-4734
14167,661,2788,-2127
14168,35,60,-25
14169,71,1482,-1411
14170,925,515,410
14171,777,7140,-6363
14172,1287,938,349
14173,72,1914,-1842
14174,2447,11587,-9140
14201,5770,4236,1534
14202,2164,856,1308
14203,1433,3373,-1940
14204,4381,2227,2154
14206,9432,1665,7767
14207,9902,1131,8771
14208,4349,4084,265
14209,4261,117,4144
14210,7047,3516,3531
14211,9465,16426,-6961
14212,4972,3237,1735
14213,9543,7899,1644
14214,8418,223,8195
14215,16804,2587,14217
14216,11788,680,11108
14217,10800,3762,7038
14218,8775,6800,1975
14219,5258,2420,2838
14220,10485,3123,7362
14221,23521,1281,22240
14222,6779,3259,3520
14223,10072,90,9982
14224,17973,909,17064
14225,16038,700,15338
14226,12635,382,12253
14227,9861,153,9708
14228,9964,270,9694
14260,0,714,-714
14261,0,3224,-3224
14301,5773,1729,4044
14302,126,111,15
14303,2867,2353,514
14304,12496,3058,9438
14305,7150,3971,3179
14411,4977,703,4274
14413,25,2079,-2054
14414,2954,508,2446
14415,66,511,-445
14416,1534,1842,-308
14418,446,209,237
14420,6922,1974,4948
14422,734,5851,-5117
14423,2054,2353,-299
14424,12522,816,11706
14425,5031,1190,3841
14427,785,4500,-3715
14428,2894,958,1936
14432,2027,3982,-1955
14433,1620,1036,584
14435,1059,7870,-6811
14437,3979,5080,-1101
14441,93,46,47
14445,3373,2261,1112
14450,18271,1877,16394
14453,0,800,-800
14454,3283,11815,-8532
14456,7709,251,7458
14462,270,71,199
14463,134,65,69
14464,2742,1001,1741
14466,626,36,590
14467,4426,1168,3258
14468,6717,838,5879
14469,2574,85,2489
14470,3146,1894,1252
14471,1256,1671,-415
14472,3436,19,3417
14475,145,642,-497
14476,941,2199,-1258
14477,666,515,151
14478,293,6695,-6402
14479,84,710,-626
14480,285,1174,-889
14481,712,5664,-4952
14482,3640,2195,1445
14485,1573,2608,-1035
14486,132,497,-365
14487,2263,2215,48
14489,2642,19666,-17024
14502,4270,46,4224
14504,654,3707,-3053
14505,2038,15,2023
14506,370,2906,-2536
14507,366,2086,-1720
14510,2136,647,1489
14511,136,67,69
14512,1891,1228,663
14513,5728,4706,1022
14514,2550,11420,-8870
14515,109,9360,-9251
14516,824,5191,-4367
14517,1103,17102,-15999
14519,5306,7106,-1800
14521,1123,6585,-5462
14522,4127,14287,-10160
14525,1015,4884,-3869
14526,8064,81,7983
14527,4830,6888,-2058
14529,12,11675,-11663
14530,2498,9376,-6878
14532,1654,8242,-6588
14533,793,5729,-4936
14534,12347,11503,844
14536,286,12762,-12476
14537,27,5358,-5331
14539,41,8409,-8368
14541,799,13955,-13156
14542,0,4417,-4417
14543,1309,12134,-10825
14544,728,0,728
14545,44,17562,-17518
14546,2099,2694,-595
14548,1759,92,1667
14549,154,100,54
14550,577,630,-53
14551,2455,1491,964
14555,657,711,-54
14556,0,1463,-1463
14557,55,204,-149
14559,7268,1213,6055
14560,950,899,51
14561,1035,299,736
14564,6569,768,5801
14568,2555,1398,1157
14569,2877,310,2567
14571,474,66,408
14572,1792,106,1686
14580,22955,475,22480
14585,97,880,-783
14586,4582,527,4055
14588,0,2256,-2256
14589,3176,320,2856
14590,2233,395,1838
14591,654,564,90
14592,97,75,22
14604,1719,1710,9
14605,4065,1187,2878
14606,11059,83,10976
14607,10829,1787,9042
14608,5626,1444,4182
14609,17889,1141,16748
14610,7155,614,6541
14611,7237,852,6385
14612,15073,55,15018
14613,6010,660,5350
14614,54,427,-373
14615,7598,872,6726
14616,11388,351,11037
14617,9708,1906,7802
14618,8302,104,8198
14619,5545,416,5129
14620,12001,288,11713
14621,13001,1205,11796
14622,5899,49,5850
14623,8545,1326,7219
14624,15274,8104,7170
14625,4580,683,3897
14626,12790,429,12361
14627,0,1261,-1261
14642,0,1574,-1574
14701,16742,93,16649
14706,2535,906,1629
14707,34,313,-279
14708,52,16,36
14709,506,2972,-2466
14710,1386,756,630
14711,653,972,-319
14712,1298,141,1157
14714,196,340,-144
14715,1031,2285,-1254
14716,747,56,691
14717,281,2188,-1907
14718,746,431,315
14719,1355,385,970
14720,350,646,-296
14721,68,387,-319
14722,58,877,-819
14723,477,1220,-743
14724,826,198,628
14726,587,910,-323
14727,2090,5305,-3215
14728,462,1322,-860
14729,381,1072,-691
14731,572,872,-300
14732,15,385,-370
14733,1456,203,1253
14735,941,991,-50
14736,65,695,-630
14737,1726,378,1348
14738,1382,287,1095
14739,1042,1251,-209
14740,417,548,-131
14741,746,1466,-720
14742,84,341,-257
14743,833,381,452
14744,395,889,-494
14747,820,25,795
14748,233,8529,-8296
14750,1947,433,1514
14752,130,2056,-1926
14753,490,767,-277
14754,222,298,-76
14755,1122,1399,-277
14756,0,399,-399
14757,1341,354,987
14760,7871,5646,2225
14767,786,8482,-7696
14769,333,316,17
14770,1060,982,78
14772,1604,24578,-22974
14774,50,0,50
14775,975,0,975
14777,174,283,-109
14778,0,64,-64
14779,2918,675,2243
14781,738,410,328
14782,958,467,491
14783,72,520,-448
14784,299,543,-244
14785,15,1105,-1090
14787,2341,2100,241
14788,35,554,-519
14801,1820,4333,-2513
14802,380,2038,-1658
14803,497,302,195
14804,559,1022,-463
14805,394,129,265
14806,769,208,561
14807,1159,277,882
14808,229,893,-664
14809,959,689,270
14810,5196,100,5096
14812,1246,1603,-357
14813,848,1772,-924
14814,811,104,707
14815,331,377,-46
14816,228,2694,-2466
14817,1160,575,585
14818,843,1961,-1118
14819,268,3305,-3037
14820,241,3,238
14821,1238,560,678
14822,362,4254,-3892
14823,1478,389,1089
14824,262,653,-391
14825,327,5589,-5262
14826,761,3137,-2376
14827,62,6584,-6522
14830,8616,4253,4363
14836,415,13565,-13150
14837,1976,5361,-3385
14838,795,86,709
14839,247,3855,-3608
14840,1212,100,1112
14841,278,113,165
14842,221,6218,-5997
14843,5405,11416,-6011
14845,8936,6533,2403
14846,303,1304,-1001
14847,931,462,469
14850,28182,6859,21323
14853,0,309,-309
14854,38,773,-735
14855,278,58,220
14856,0,3141,-3141
14858,458,4456,-3998
14859,397,3603,-3206
14860,553,6992,-6439
14861,498,1290,-792
14864,488,940,-452
14865,1131,62,1069
14867,2507,464,2043
14869,523,247,276
14870,3970,2182,1788
14871,1771,857,914
14872,187,1017,-830
14873,821,4643,-3822
14874,56,139,-83
14877,224,3392,-3168
14878,229,906,-677
14879,892,9567,-8675
14880,760,2047,-1287
14881,118,1103,-985
14882,1561,0,1561
14883,1878,490,1388
14884,118,964,-846
14885,258,213,45
14886,2824,1362,1462
14889,549,45,504
14891,2008,153,1855
14892,3231,666,2565
14893,9,553,-544
14894,411,5321,-4910
14895,3998,1739,2259
14897,262,331,-69
14898,559,5284,-4725
14901,5440,3603,1837
14903,3121,4733,-1612
14904,6132,227,5905
14905,3655,4758,-1103
15001,14182,5231,8951
15003,5160,1044,4116
15004,142,16732,-16590
15005,3887,3994,-107
15006,129,51,78
15007,165,3856,-3691
15009,6645,26,6619
15010,11743,453,11290
15012,6797,62,6735
15014,1463,192,1271
15015,505,152,353
15017,7372,77,7295
15018,465,370,95
15019,679,4051,-3372
15020,203,3278,-3075
15021,2695,133,2562
15022,4257,107,4150
15024,3474,285,3189
15025,7017,2604,4413
15026,1553,7510,-5957
15027,1157,9764,-8607
15028,76,11968,-11892
15030,484,3822,-3338
15031,230,8630,-8400
15033,2248,16819,-14571
15034,850,2559,-1709
15035,1031,1465,-434
15037,4279,5893,-1614
15038,121,8626,-8505
15042,3397,8428,-5031
15043,839,2836,-1997
15044,10641,4350,6291
15045,1897,3862,-1965
15046,1103,9609,-8506
15047,128,2849,-2721
15049,498,2246,-1748
15050,897,9371,-8474
15051,238,4702,-4464
15052,1262,3008,-1746
15053,41,1507,-1466
15054,236,630,-394
15055,631,7712,-7081
15056,521,1799,-1278
15057,6301,3490,2811
15059,1668,12207,-10539
15060,366,8045,-7679
15061,5225,1269,3956
15062,3297,5788,-2491
15063,4598,9181,-4583
15064,134,5084,-4950
15065,5041,3430,1611
15066,5669,10237,-4568
15067,1076,13951,-12875
15068,16352,4941,11411
15071,5017,4548,469
15072,39,5392,-5353
15074,3600,11243,-7643
15075,22,5669,-5647
15076,411,13175,-12764
15077,93,9606,-9513
15078,200,6189,-5989
15081,165,5458,-5293
15082,77,10536,-10459
15083,452,11499,-11047
15084,4430,6796,-2366
15085,3309,5561,-2252
15086,257,7811,-7554
15087,33,15070,-15037
15088,159,1529,-1370
15089,2964,3234,-270
15090,9652,5218,4434
15101,10766,568,10198
15102,13470,6264,7206
15104,3744,12152,-8408
15106,9375,7330,2045
15108,16998,6030,10968
15110,2138,6605,-4467
15112,1470,1133,337
15116,5797,6203,-406
15120,8449,15201,-6752
15122,8237,12517,-4280
15123,0,17428,-17428
15126,3093,5263,-2170
15129,4287,8246,-3959
15131,3952,7314,-3362
15132,9155,5590,3565
15133,2812,0,2812
15135,2095,0,2095
15136,9988,20424,-10436
15137,4651,126,4525
15139,3274,557,2717
15140,1482,1322,160
15142,786,147,639
15143,8610,1615,6995
15144,1852,345,1507
15145,2973,42,2931
15146,12360,14281,-1921
15147,7964,2255,5709
15148,1113,613,500
15201,6640,822,5818
15202,9959,1675,8284
15203,5644,286,5358
15204,3564,179,3385
15205,10827,498,10329
15206,14753,623,14130
15207,4729,2084,2645
15208,4126,466,3660
15209,5510,3429,2081
15210,11188,901,10287
15211,5638,41,5597
15212,14176,278,13898
15213,9597,656,8941
15214,6129,684,5445
15215,5532,343,5189
15216,10385,2165,8220
15217,11662,729,10933
15218,6715,700,6015
15219,5377,247,5130
15220,8826,164,8662
15221,15214,86,15128
15222,3018,755,2263
15223,3364,184,3180
15224,5574,413,5161
15225,523,352,171
15226,6253,14,6239
15227,12833,605,12228
15228,7437,407,7030
15229,6241,67,6174
15232,6198,702,5496
15233,1447,20,1427
15234,6077,334,5743
15235,15290,431,14859
15236,13446,317,13129
15237,18231,82,18149
15238,5396,2883,2513
15239,8304,120,8184
15241,8127,4534,3593
15243,5788,731,5057
15260,0,235,-235
15275,0,0,0
15282,0,45,-45
15290,0,308,-308
15301,20943,13067,7876
15310,101,268,-167
15311,492,256,236
15312,1534,131,1403
15313,156,267,-111
15314,1360,3540,-2180
15315,233,1691,-1458
15316,87,133,-46
15317,17080,52,17028
15320,2258,75,2183
15321,695,1015,-320
15322,706,1051,-345
15323,1574,8008,-6434
15324,298,491,-193
15325,130,754,-624
15327,543,62,481
15329,575,73,502
15330,2197,1874,323
15331,303,176,127
15332,3981,366,3615
15333,707,129,578
15334,81,247,-166
15337,211,1157,-946
15338,632,713,-81
15340,524,853,-329
15341,280,133,147
15342,2267,964,1303
15344,596,67,529
15345,586,259,327
15346,226,1090,-864
15347,85,95,-10
15348,32,91,-59
15349,656,119,537
15350,228,100,128
15351,475,121,354
15352,364,376,-12
15353,44,85,-41
15357,598,143,455
15358,398,1163,-765
15359,77,1025,-948
15360,639,577,62
15361,91,44,47
15362,299,1678,-1379
15363,313,150,163
15364,294,0,294
15365,67,625,-558
15366,244,178,66
15367,3212,45,3167
15368,156,917,-761
15370,4841,944,3897
15376,564,426,138
15377,253,112,141
15378,18,1692,-1674
15379,30,811,-781
15380,296,485,-189
15401,13424,75,13349
15410,381,327,54
15411,278,2448,-2170
15412,104,911,-807
15413,169,882,-713
15416,186,280,-94
15417,3246,258,2988
15419,1395,207,1188
15420,86,754,-668
15421,50,133,-83
15422,121,431,-310
15423,768,50,718
15424,884,6266,-5382
15425,8121,56,8065
15427,398,0,398
15428,773,138,635
15429,221,749,-528
15430,111,4932,-4821
15431,1791,2060,-269
15432,189,1562,-1373
15433,365,76,289
15434,127,586,-459
15435,47,349,-302
15436,1086,883,203
15437,774,182,592
15438,918,3300,-2382
15440,60,302,-242
15442,966,251,715
15443,65,108,-43
15444,171,1595,-1424
15445,1304,387,917
15446,59,70,-11
15447,47,1232,-1185
15448,71,169,-98
15449,183,220,-37
15450,79,709,-630
15451,345,371,-26
15454,50,2375,-2325
15455,216,979,-763
15456,970,26,944
15458,997,1478,-481
15459,573,757,-184
15460,58,822,-764
15461,1555,74,1481
15462,88,60,28
15463,125,61,64
15464,672,1251,-579
15465,183,30,153
15466,168,25084,-24916
15467,59,1446,-1387
15468,1074,220,854
15469,975,68,907
15470,260,6055,-5795
15472,86,154,-68
15473,1593,64,1529
15474,673,191,482
15475,457,1083,-626
15476,34,412,-378
15477,411,9,402
15478,2352,683,1669
15479,909,348,561
15480,778,189,589
15482,158,24,134
15483,162,2260,-2098
15484,255,2670,-2415
15486,895,299,596
15488,50,258,-208
15489,172,480,-308
15490,121,3679,-3558
15492,58,139,-81
15501,6241,218,6023
15502,82,48,34
15510,0,1402,-1402
15520,138,751,-613
15521,706,128,578
15522,4734,958,3776
15530,2024,230,1794
15531,1526,229,1297
15532,64,17979,-17915
15533,514,8548,-8034
15534,382,75,307
15535,794,76,718
15536,153,11806,-11653
15537,3447,190,3257
15538,274,4341,-4067
15539,136,3863,-3727
15540,141,149,-8
15541,1432,168,1264
15542,446,76,370
15544,49,232,-183
15545,1079,606,473
15546,211,7030,-6819
15547,252,5350,-5098
15550,700,1359,-659
15551,240,312,-72
15552,2177,1654,523
15554,1042,555,487
15555,43,402,-359
15557,1360,82,1278
15558,712,164,548
15559,815,171,644
15560,64,1503,-1439
15561,56,60,-4
15562,88,1952,-1864
15563,1199,3678,-2479
15564,51,338,-287
15565,2,400,-398
15601,24325,480,23845
15610,1820,261,1559
15611,150,102,48
15612,176,3917,-3741
15613,5240,16,5224
15615,114,367,-253
15616,212,69,143
15617,123,100,23
15618,1016,138,878
15619,162,1370,-1208
15620,276,302,-26
15622,553,13355,-12802
15623,313,140,173
15624,218,168,50
15625,27,65,-38
15626,2443,77,2366
15627,2751,2093,658
15628,197,248,-51
15629,294,255,39
15631,383,4594,-4211
15632,3814,90,3724
15633,218,940,-722
15634,220,16,204
15635,93,923,-830
15636,1561,531,1030
15637,611,60,551
15638,45,1335,-1290
15639,907,585,322
15640,143,22,121
15641,228,129,99
15642,19025,655,18370
15644,8551,47,8504
15646,77,142,-65
15647,9,284,-275
15650,11308,49,11259
15655,128,82,46
15656,3978,149,3829
15658,3752,32,3720
15660,140,364,-224
15661,283,47,236
15662,363,198,165
15663,242,59,183
15665,497,782,-285
15666,6793,2916,3877
15668,5425,59,5366
15670,1248,44,1204
15671,256,218,38
15672,1386,201,1185
15673,614,105,509
15674,156,605,-449
15675,406,1107,-701
15676,257,48,209
15677,198,25,173
15678,257,263,-6
15679,1384,48,1336
15680,149,660,-511
15681,1883,5835,-3952
15682,113,118,-5
15683,3504,396,3108
15684,147,612,-465
15686,432,161,271
15687,524,1263,-739
15688,386,353,33
15689,50,27,23
15690,4034,44,3990
15691,161,49,112
15692,444,55,389
15693,130,41,89
15695,133,31,102
15696,109,41,68
15697,1309,32,1277
15698,274,8082,-7808
15701,12702,73,12629
15705,0,635,-635
15710,111,2125,-2014
15711,136,4029,-3893
15712,48,101,-53
15713,96,124,-28
15714,1990,458,1532
15715,220,123,97
15716,176,1967,-1791
15717,4078,787,3291
15720,105,180,-75
15721,78,1493,-1415
15722,903,1628,-725
15723,12,109,-97
15724,856,373,483
15725,560,517,43
15727,87,2695,-2608
15728,1350,2666,-1316
15729,517,368,149
15730,60,5604,-5544
15731,146,428,-282
15732,615,68,547
15733,61,73,-12
15734,163,705,-542
15736,168,591,-423
15737,53,85,-32
15738,74,551,-477
15739,162,579,-417
15741,23,2263,-2240
15742,343,5481,-5138
15744,11,6577,-6566
15745,110,9317,-9207
15746,54,5149,-5095
15747,664,2306,-1642
15748,2835,364,2471
15750,112,91,21
15752,16,56,-40
15753,176,681,-505
15754,159,517,-358
15756,71,66,5
15757,569,1117,-548
15759,1062,385,677
15760,44,1014,-970
15761,54,33,21
15762,337,80,257
15763,12,3567,-3555
15764,42,101,-59
15765,648,965,-317
15767,5716,637,5079
15770,86,292,-206
15771,370,1038,-668
15772,568,541,27
15773,161,849,-688
15774,1195,1729,-534
15775,236,1572,-1336
15776,26,55,-29
15777,35,2823,-2788
15778,64,256,-192
15779,91,211,-120
15780,49,63,-14
15781,46,640,-594
15783,35,53,-18
15784,32,1120,-1088
15801,8220,1221,6999
15821,49,1038,-989
15823,534,254,280
15824,2087,802,1285
15825,3811,194,3617
15827,120,293,-173
15828,108,41,67
15829,465,4792,-4327
15831,31,17570,-17539
15832,129,5876,-5747
15834,1933,418,1515
15840,741,177,564
15841,91,1687,-1596
15845,1332,88,1244
15846,1419,2088,-669
15847,21,102,-81
15848,335,861,-526
15849,530,331,199
15851,2661,146,2515
15853,2687,2507,180
15856,385,755,-370
15857,5793,29,5764
15860,513,100,413
15861,60,1775,-1715
15863,69,1402,-1333
15864,700,401,299
15865,532,760,-228
15866,58,560,-502
15868,725,5274,-4549
15870,525,65,460
15901,1919,1425,494
15902,4930,603,4327
15904,6619,1230,5389
15905,8752,944,7808
15906,4660,1697,2963
15909,2081,162,1919
15920,257,3175,-2918
15921,153,2092,-1939
15922,28,4749,-4721
15923,612,3150,-2538
15924,378,1029,-651
15925,56,3114,-3058
15926,1044,10259,-9215
15927,355,13837,-13482
15928,860,2252,-1392
15929,38,6671,-6633
15930,165,127,38
15931,3805,402,3403
15934,0,635,-635
15935,1129,142,987
15936,685,218,467
15937,305,1246,-941
15938,983,1225,-242
15940,590,7213,-6623
15942,706,832,-126
15943,1733,2158,-425
15944,1114,889,225
15945,47,750,-703
15946,2725,7366,-4641
15948,179,5213,-5034
15949,225,819,-594
15951,299,276,23
15952,492,149,343
15953,20,616,-596
15954,1133,1659,-526
15955,878,365,513
15956,1186,4568,-3382
15957,132,93,39
15958,821,812,9
15960,88,2085,-1997
15961,376,1308,-932
15962,116,1080,-964
15963,4485,6114,-1629
16001,18074,7568,10506
16002,6348,3090,3258
16020,443,48,395
16022,135,1064,-929
16023,1700,1247,453
16024,105,9,96
16025,1922,1195,727
16027,153,1449,-1296
16028,861,1855,-994
16029,370,376,-6
16030,104,333,-229
16033,3065,7777,-4712
16034,742,409,333
16035,52,48,4
16036,128,164,-36
16037,1828,55,1773
16038,1291,3703,-2412
16040,330,61,269
16041,783,494,289
16045,422,952,-530
16046,6645,44,6601
16048,64,526,-462
16049,1215,3453,-2238
16050,468,169,299
16051,1268,1994,-726
16052,915,220,695
16053,1599,1747,-148
16054,170,401,-231
16055,3329,510,2819
16056,1948,115,1833
16057,4533,177,4356
16059,3750,633,3117
16061,1013,515,498
16063,3623,1942,1681
16066,13045,110,12935
16101,13390,75,13315
16102,2192,110,2082
16105,6763,1234,5529
16110,167,858,-691
16111,404,103,301
16112,601,42,559
16113,153,1450,-1297
16114,229,649,-420
16115,1389,505,884
16116,1087,812,275
16117,7221,739,6482
16120,948,174,774
16121,2024,1152,872
16123,968,144,824
16124,648,6586,-5938
16125,7025,218,6807
16127,5260,6,5254
16130,832,898,-66
16131,377,2069,-1692
16132,187,2513,-2326
16133,572,658,-86
16134,1626,518,1108
16136,328,35,293
16137,4425,41,4384
16140,155,6922,-6767
16141,666,165,501
16142,1899,1102,797
16143,873,45,828
16145,1155,218,937
16146,6006,30,5976
16148,7805,25,7780
16150,3166,106,3060
16151,33,136,-103
16153,922,12082,-11160
16154,886,744,142
16155,50,818,-768
16156,1167,914,253
16157,1292,179,1113
16159,2154,259,1895
16160,455,1389,-934
16161,301,1442,-1141
16172,4,1022,-1018
16201,6861,938,5923
16210,289,693,-404
16211,26,108,-82
16212,127,1243,-1116
16213,56,4573,-4517
16214,3194,551,2643
16217,53,36,17
16218,417,450,-33
16220,43,432,-389
16222,1019,8296,-7277
16223,46,118,-72
16224,385,1422,-1037
16226,3494,186,3308
16228,143,1339,-1196
16229,2233,843,1390
16230,191,1774,-1583
16232,1655,327,1328
16233,436,2254,-1818
16235,521,1241,-720
16236,125,303,-178
16238,158,1321,-1163
16239,520,4344,-3824
16240,619,652,-33
16242,1752,576,1176
16244,151,4618,-4467
16245,124,3015,-2891
16246,64,93,-29
16248,1234,3191,-1957
16249,795,228,567
16250,147,932,-785
16253,64,81,-17
16254,1348,1770,-422
16255,695,1942,-1247
16256,437,1517,-1080
16258,758,127,631
16259,864,4880,-4016
16260,164,2074,-1910
16262,1260,963,297
16263,117,799,-682
16301,6196,241,5955
16311,190,2960,-2770
16312,0,392,-392
16313,782,3667,-2885
16314,2084,1101,983
16316,2105,517,1588
16317,565,0,565
16319,472,1366,-894
16321,15,7103,-7088
16322,45,5503,-5458
16323,6382,6754,-372
16326,97,7457,-7360
16327,971,9752,-8781
16328,93,4201,-4108
16329,173,6795,-6622
16331,32,11682,-11650
16332,17,9506,-9489
16333,110,4487,-4377
16334,199,0,199
16335,11185,0,11185
16340,689,13391,-12702
16341,755,12263,-11508
16342,928,984,-56
16343,233,605,-372
16344,179,37,142
16345,1469,1200,269
16346,1494,108,1386
16347,644,172,472
16350,871,249,622
16351,733,58,675
16352,74,182,-108
16353,1163,81,1082
16354,4406,1597,2809
16360,525,891,-366
16361,17,2128,-2111
16362,395,16,379
16364,467,59,408
16365,7676,92,7584
16370,88,5042,-4954
16371,1250,310,940
16372,235,1029,-794
16373,1223,29,1194
16374,731,617,114
16401,1597,344,1253
16402,276,1078,-802
16403,2264,60,2204
16404,1186,993,193
16405,227,276,-49
16406,1302,6150,-4848
16407,4638,786,3852
16410,666,1468,-802
16411,529,5740,-5211
16412,4141,587,3554
16415,3409,550,2859
16416,73,486,-413
16417,3619,126,3493
16420,198,362,-164
16421,954,2354,-1400
16422,85,685,-600
16423,1608,151,1457
16424,1889,1491,398
16426,1495,656,839
16427,77,1449,-1372
16428,4940,907,4033
16430,71,12,59
16433,1873,232,1641
16434,894,72,822
16435,662,2200,-1538
16436,276,198,78
16438,3041,67,2974
16440,339,1180,-841
16441,3707,344,3363
16442,1103,171,932
16443,427,55,372
16444,0,175,-175
16475,0,113,-113
16501,1069,5362,-4293
16502,6770,216,6554
16503,5447,161,5286
16504,6542,295,6247
16505,7654,1652,6002
16506,10020,91,9929
16507,3609,406,3203
16508,6812,0,6812
16509,11927,7341,4586
16510,9892,551,9341
16511,4480,40,4440
16546,0,61,-61
16550,0,224,-224
16563,0,78,-78
16601,13139,12,13127
16602,11685,303,11382
16611,965,56,909
16613,650,1209,-559
16616,69,90,-21
16617,1125,81,1044
16619,117,107,10
16620,131,2633,-2502
16621,259,579,-320
16622,45,435,-390
16623,205,1645,-1440
16624,86,193,-107
16625,1480,233,1247
16627,855,559,296
16630,2005,1128,877
16631,18,1747,-1729
16633,106,161,-55
16634,124,17476,-17352
16635,5197,0,5197
16636,331,10343,-10012
16637,1093,421,672
16638,22,98,-76
16639,563,780,-217
16640,355,10423,-10068
16641,1017,95,922
16645,83,183,-100
16646,908,1410,-502
16647,301,1755,-1454
16648,6123,287,5836
16650,638,6045,-5407
16651,1397,130,1267
16652,5449,2290,3159
16654,9,76,-67
16655,535,135,400
16656,468,459,9
16657,548,51,497
16659,79,658,-579
16661,377,160,217
16662,2148,208,1940
16664,690,2294,-1604
16665,160,243,-83
16666,1301,1127,174
16667,557,310,247
16668,1415,169,1246
16669,831,191,640
16670,33,132,-99
16671,170,361,-191
16672,88,112,-24
16673,2064,81,1983
16674,179,337,-158
16675,38,103,-65
16677,140,1614,-1474
16678,1010,209,801
16679,258,139,119
16680,130,118,12
16682,56,301,-245
16683,130,897,-767
16684,26,4199,-4173
16685,108,177,-69
16686,5474,2340,3134
16689,161,16,145
16691,140,459,-319
16692,346,504,-158
16693,1501,1497,4
16694,121,141,-20
16695,341,697,-356
16699,0,648,-648
16701,6682,191,6491
16720,477,775,-298
16724,41,105,-64
16725,15,4507,-4492
16726,223,157,66
16727,55,761,-706
16729,289,868,-579
16730,52,2336,-2284
16731,1056,564,492
16732,63,947,-884
16733,47,263,-216
16734,103,869,-766
16735,2531,631,1900
16738,498,1239,-741
16740,372,275,97
16743,1482,273,1209
16744,83,656,-573
16745,280,924,-644
16746,435,489,-54
16748,1022,243,779
16749,1534,2515,-981
16750,274,472,-198
16801,16854,945,15909
16802,84,87,-3
16803,10215,317,9898
16820,434,149,285
16821,92,167,-75
16822,743,42,701
16823,11127,289,10838
16825,124,214,-90
16826,187,919,-732
16827,1797,1940,-143
16828,1972,645,1327
16829,258,1479,-1221
16830,5567,209,5358
16832,116,4166,-4050
16833,2181,1690,491
16834,237,149,88
16835,90,383,-293
16836,470,2092,-1622
16837,45,959,-914
16838,749,0,749
16839,153,13875,-13722
16840,129,13550,-13421
16841,2450,8410,-5960
16843,243,233,10
16844,939,750,189
16845,303,1885,-1582
16847,95,6796,-6701
16848,98,3712,-3614
16849,68,348,-280
16851,567,10708,-10141
16852,115,1337,-1222
16853,143,777,-634
16854,307,6805,-6498
16855,38,1302,-1264
16856,34,141,-107
16858,1561,1401,160
16859,200,241,-41
16860,231,363,-132
16861,146,3113,-2967
16863,234,6809,-6575
16864,54,1259,-1205
16865,579,292,287
16866,3588,8560,-4972
16868,520,347,173
16870,2701,3030,-329
16871,30,9,21
16872,396,937,-541
16874,501,104,397
16875,1480,14940,-13460
16876,102,3049,-2947
16877,735,9191,-8456
16878,732,1283,-551
16879,156,11659,-11503
16881,1009,845,164
16882,182,1423,-1241
16901,4413,1132,3281
16910,34,13579,-13545
16911,87,1752,-1665
16912,856,686,170
16914,911,2155,-1244
16915,2303,14674,-12371
16917,474,23,451
16920,727,8265,-7538
16921,258,681,-423
16922,759,3024,-2265
16923,525,541,-16
16925,1223,2780,-1557
16926,386,1590,-1204
16927,198,1214,-1016
16928,546,177,369
16929,933,1667,-734
16930,451,2413,-1962
16932,306,5428,-5122
16933,2609,1681,928
16935,471,56,415
16936,893,6580,-5687
16937,47,49,-2
16938,340,140,200
16939,120,1818,-1698
16940,24,3001,-2977
16941,32,45,-13
16942,300,12,288
16943,181,6,175
16946,1054,8452,-7398
16947,1654,101,1553
16948,587,57,530
16950,1293,1325,-32
17002,174,29,145
17003,4231,1770,2461
17004,1616,817,799
17005,129,1137,-1008
17006,312,235,77
17007,2107,2096,11
17009,791,221,570
17010,99,1049,-950
17011,13698,365,13333
17013,14156,944,13212
17014,64,448,-384
17015,9405,1458,7947
17016,371,4376,-4005
17017,643,4474,-3831
17018,1810,8007,-6197
17019,7323,10143,-2820
17020,3484,10235,-6751
17021,452,11863,-11411
17022,12089,13401,-1312
17023,1266,3896,-2630
17024,722,0,722
17025,7199,10139,-2940
17026,1298,11572,-10274
17027,216,95,121
17028,1386,153,1233
17029,94,307,-213
17030,293,226,67
17032,3094,513,2581
17033,6314,71,6243
17034,1239,34,1205
17035,341,149,192
17036,9024,177,8847
17037,296,209,87
17038,3343,4313,-970
17039,43,107,-64
17040,884,884,0
17041,68,7421,-7353
17042,15485,431,15054
17043,2904,538,2366
17044,8849,2122,6727
17045,1337,308,1029
17046,11973,3196,8777
17047,915,658,257
17048,1458,641,817
17049,1042,58,984
17050,16241,1124,15117
17051,1931,4786,-2855
17052,551,604,-53
17053,2193,906,1287
17054,77,36,41
17055,17310,111,17199
17056,13,126,-113
17057,9726,67,9659
17058,578,60,518
17059,3016,1348,1668
17060,360,121,239
17061,2852,0,2852
17062,1481,418,1063
17063,1327,49,1278
17064,326,10304,-9978
17065,1552,473,1079
17066,1998,0,1998
17067,6007,458,5549
17068,1581,280,1301
17069,129,981,-852
17070,7393,207,7186
17071,50,238,-188
17073,2003,1083,920
17074,2913,10902,-7989
17075,62,90,-28
17076,37,127,-90
17077,31,133,-102
17078,9087,1341,7746
17080,109,1105,-996
17081,172,1083,-911
17082,1051,123,928
17084,1775,2255,-480
17086,782,685,97
17087,864,131,733
17088,263,4450,-4187
17090,2326,2272,54
17093,399,10460,-10061
17094,920,3135,-2215
17097,329,271,58
17098,987,116,871
17099,568,3872,-3304
17101,1681,2914,-1233
17102,4381,857,3524
17103,4787,2238,2549
17104,7446,1629,5817
17109,10797,10573,224
17110,10897,3139,7758
17111,14471,872,13599
17112,15384,19817,-4433
17113,4086,2602,1484
17120,0,4148,-4148
17201,12214,36,12178
17202,11864,1444,10420
17210,83,2974,-2891
17211,187,2279,-2092
17212,211,2844,-2633
17213,245,4881,-4636
17214,505,463,42
17215,66,1152,-1086
17217,42,96,-54
17219,246,8658,-8412
17220,162,2189,-2027
17221,201,2174,-1973
17222,4493,5067,-574
17223,130,3696,-3566
17224,857,1338,-481
17225,7927,972,6955
17228,411,2118,-1707
17229,548,3030,-2482
17232,25,2066,-2041
17233,2294,96,2198
17235,252,1588,-1336
17236,3022,6056,-3034
17237,633,13857,-13224
17238,740,14890,-14150
17239,65,13979,-13914
17240,1335,8870,-7535
17241,4342,775,3567
17243,514,9097,-8583
17244,794,1887,-1093
17246,193,1113,-920
17247,202,392,-190
17249,118,12,106
17250,71,63,8
17251,23,1333,-1310
17252,1400,6785,-5385
17253,126,1668,-1542
17254,203,5523,-5320
17255,450,412,38
17257,11189,1990,9199
17260,403,1698,-1295
17261,0,12200,-12200
17262,336,1897,-1561
17263,235,1257,-1022
17264,928,1201,-273
17265,162,533,-371
17266,167,834,-667
17267,1080,2399,-1319
17268,11613,3309,8304
17271,192,15626,-15434
17301,1455,8305,-6850
17302,1071,2758,-1687
17303,138,222,-84
17304,1024,3485,-2461
17306,187,7333,-7146
17307,2277,3088,-811
17309,724,2330,-1606
17311,81,5273,-5192
17313,4345,1884,2461
17314,2059,1437,622
17315,11016,1258,9758
17316,3118,822,2296
17317,174,4262,-4088
17318,148,1926,-1778
17319,4172,90,4082
17320,3122,1122,2000
17321,875,66,809
17322,2364,2664,-300
17323,45,2055,-2010
17324,1610,351,1259
17325,10826,754,10072
17327,3145,3797,-652
17329,999,19875,-18876
17331,21623,19810,1813
17339,2627,25102,-22475
17340,4304,232,4072
17342,178,18211,-18033
17343,95,4312,-4217
17344,1485,768,717
17345,3470,23,3447
17347,2557,2154,403
17349,2935,31,2904
17350,5256,1933,3323
17352,549,43,506
17353,1121,119,1002
17355,156,60,96
17356,9080,2495,6585
17360,2259,23,2236
17361,2463,4987,-2524
17362,5407,28,5379
17363,3319,1266,2053
17364,1482,7111,-5629
17365,1094,996,98
17366,2344,130,2214
17368,2471,108,2363
17370,2365,55,2310
17371,138,2971,-2833
17372,1502,1848,-346
17401,7286,5223,2063
17402,13607,4518,9089
17403,14963,375,14588
17404,14699,254,14445
17406,9271,186,9085
17407,877,144,733
17408,9665,992,8673
17501,1895,400,1495
17502,1058,37,1021
17504,39,96,-57
17505,427,1306,-879
17506,125,939,-814
17507,58,386,-328
17508,282,108,174
17509,1359,2589,-1230
17512,7572,50,7522
17516,1965,76,1889
17517,5464,7051,-1587
17518,495,920,-425
17519,2384,527,1857
17520,2041,716,1325
17522,13425,1735,11690
17527,1968,11216,-9248
17529,1296,2319,-1023
17532,1227,7480,-6253
17534,49,0,49
17535,737,426,311
17536,1078,1801,-723
17538,3116,262,2854
17540,3688,79,3609
17543,17898,769,17129
17545,8802,309,8493
17547,3265,1477,1788
17550,197,69,128
17551,3953,66,3887
17552,8468,6488,1980
17554,2993,210,2783
17555,2027,1742,285
17557,5405,3502,1903
17560,1905,3961,-2056
17562,1293,918,375
17563,1098,1430,-332
17565,819,5107,-4288
17566,4284,250,4034
17568,39,3681,-3642
17569,2428,1200,1228
17570,101,382,-281
17572,1274,1591,-317
17576,0,3363,-3363
17578,2380,1310,1070
17579,2152,867,1285
17581,42,47,-5
17582,681,140,541
17584,4287,762,3525
17601,22670,63,22607
17602,18345,3277,15068
17603,26716,79,26637
17606,148,429,-281
17701,17634,5191,12443
17702,4258,4420,-162
17720,136,798,-662
17721,716,496,220
17723,33,33,0
17724,1857,749,1108
17727,16,103,-87
17728,2001,81,1920
17729,52,430,-378
17730,51,97,-46
17731,89,127,-38
17737,2736,877,1859
17739,19,9858,-9839
17740,4575,109,4466
17742,24,2601,-2577
17744,1129,1875,-746
17745,7037,148,6889
17747,1010,163,847
17748,63,730,-667
17749,126,209,-83
17750,29,2145,-2116
17751,2727,34,2693
17752,1739,247,1492
17754,4976,794,4182
17756,4333,353,3980
17758,423,944,-521
17760,241,338,-97
17762,242,239,3
17763,138,102,36
17764,1077,63,1014
17765,406,138,268
17768,142,2334,-2192
17769,20,101,-81
17771,1234,122,1112
17772,963,125,838
17774,429,223,206
17776,96,2044,-1948
17777,2652,144,2508
17778,47,653,-606
17779,18,1574,-1556
17801,6588,2794,3794
17810,644,3786,-3142
17812,612,269,343
17813,728,934,-206
17814,1843,995,848
17815,11058,117,10941
17820,2140,1498,642
17821,7674,4613,3061
17822,5,145,-140
17823,464,2694,-2230
17824,1553,106,1447
17827,316,41,275
17829,92,1327,-1235
17830,800,1093,-293
17832,303,168,135
17834,1488,651,837
17835,21,461,-440
17836,66,2036,-1970
17837,6299,6759,-460
17840,174,4429,-4255
17841,1663,11130,-9467
17842,3259,0,3259
17844,3801,14717,-10916
17845,642,14003,-13361
17846,1474,7630,-6156
17847,4853,286,4567
17850,267,2585,-2318
17851,3343,3741,-398
17853,1075,2615,-1540
17855,284,94,190
17856,1244,4575,-3331
17857,3273,2895,378
17858,31,1130,-1099
17859,1084,5825,-4741
17860,1031,2132,-1101
17861,83,15367,-15284
17862,135,9783,-9648
17864,674,0,674
17865,23,6845,-6822
17866,3386,1425,1961
17867,63,11143,-11080
17868,429,1039,-610
17870,5295,1669,3626
17872,3964,5056,-1092
17876,718,362,356
17878,551,3454,-2903
17880,36,400,-364
17881,600,9186,-8586
17884,64,261,-197
17885,105,8594,-8489
17886,382,2209,-1827
17887,222,7036,-6814
17888,195,41,154
17889,963,2877,-1914
17901,9608,361,9247
17920,132,4443,-4311
17921,2419,2312,107
17922,1878,3291,-1413
17923,193,2238,-2045
17925,128,1139,-1011
17929,526,931,-405
17930,137,2738,-2601
17931,1951,181,1770
17933,107,4481,-4374
17934,94,111,-17
17935,710,214,496
17936,377,368,9
17938,1075,191,884
17941,274,283,-9
17943,13,3340,-3327
17944,83,2452,-2369
17945,156,1262,-1106
17946,127,1470,-1343
17948,1686,16070,-14384
17949,97,18476,-18379
17951,141,16587,-16446
17952,100,0,100
17953,156,2624,-2468
17954,2003,6385,-4382
17957,140,0,140
17959,570,10805,-10235
17960,1839,4890,-3051
17961,2866,2678,188
17963,3683,552,3131
17964,278,39,239
17965,829,839,-10
17967,906,482,424
17968,76,1100,-1024
17970,1365,603,762
17972,4760,157,4603
17974,110,130,-20
17976,2438,3492,-1054
17978,220,77,143
17979,24,2577,-2553
17980,1173,5,1168
17981,987,3612,-2625
17982,200,39,161
17983,559,308,251
17985,557,1776,-1219
18011,1983,207,1776
18012,0,7648,-7648
18013,6797,1485,5312
18014,4446,151,4295
18015,11686,1684,10002
18017,16169,359,15810
18018,13394,98,13296
18020,7906,186,7720
18030,243,158,85
18031,4078,69,4009
18032,3933,240,3693
18034,3066,1413,1653
18035,14,1236,-1222
18036,5689,62,5627
18037,3083,4824,-1741
18038,1391,338,1053
18040,6428,1660,4768
18041,2146,208,1938
18042,15971,9435,6536
18045,11617,5985,5632
18046,55,634,-579
18049,7215,921,6294
18051,1239,39,1200
18052,11892,3665,8227
18053,948,957,-9
18054,1701,1701,0
18055,4616,276,4340
18056,416,2714,-2298
18058,3593,3232,361
18059,366,432,-66
18062,10126,864,9262
18063,126,171,-45
18064,10018,1419,8599
18065,163,107,56
18066,2199,1692,507
18067,7881,5423,2458
18069,2988,51,2937
18070,154,170,-16
18071,4563,1533,3030
18072,2679,1457,1222
18073,4080,880,3200
18074,2155,1024,1131
18076,1264,110,1154
18077,911,668,243
18078,2801,191,2610
18079,192,419,-227
18080,4444,4452,-8
18081,41,191,-150
18083,248,570,-322
18085,336,110,226
18086,241,18,223
18087,253,10691,-10438
18088,3231,490,2741
18091,2203,175,2028
18092,1265,1236,29
18101,1931,2742,-811
18102,17425,974,16451
18103,18745,5789,12956
18104,17389,8797,8592
18106,2790,57,2733
18109,6966,2130,4836
18195,0,506,-506
18201,11586,470,11116
18202,5071,1690,3381
18210,2983,28,2955
18211,416,1785,-1369
18212,9,1922,-1913
18214,766,535,231
18216,448,2027,-1579
18218,884,91,793
18219,510,4659,-4149
18220,134,13,121
18221,149,5346,-5197
18222,3570,2911,659
18223,26,1671,-1645
18224,2711,272,2439
18225,0,5454,-5454
18229,3653,72,3581
18230,55,407,-352
18231,210,171,39
18232,1722,144,1578
18234,335,116,219
18235,7827,4922,2905
18237,1408,733,675
18239,66,1516,-1450
18240,1451,4130,-2679
18241,238,190,48
18242,151,2189,-2038
18244,132,412,-280
18245,169,25,144
18246,96,49,47
18248,183,168,15
18249,1434,42,1392
18250,1222,1326,-104
18252,4623,26,4597
18254,347,77,270
18255,1589,130,1459
18256,79,169,-90
18301,9701,98,9603
18302,6036,442,5594
18321,617,640,-23
18322,909,5552,-4643
18323,58,221,-163
18324,3668,989,2679
18325,1022,191,831
18326,1420,1613,-193
18327,295,204,91
18328,3041,453,2588
18330,3102,8766,-5664
18331,176,8850,-8674
18332,942,2044,-1102
18333,0,4782,-4782
18334,1715,5063,-3348
18335,437,4566,-4129
18336,1578,5492,-3914
18337,5837,2137,3700
18340,36,3631,-3595
18342,217,2187,-1970
18343,1668,110,1558
18344,1271,7976,-6705
18346,1070,1538,-468
18347,1538,6201,-4663
18349,59,1089,-1030
18350,393,824,-431
18351,175,233,-58
18353,4608,882,3726
18354,518,1589,-1071
18355,478,69,409
18356,32,1990,-1958
18357,52,80,-28
18360,10799,948,9851
18370,421,251,170
18371,269,189,80
18372,928,190,738
18403,2798,93,2705
18405,926,675,251
18407,6141,1258,4883
18411,8762,476,8286
18413,30,150,-120
18414,2211,5723,-3512
18415,743,1648,-905
18417,379,607,-228
18419,1770,7248,-5478
18420,73,3104,-3031
18421,1927,1721,206
18424,2041,5556,-3515
18425,426,3309,-2883
18426,1527,3775,-2248
18428,5178,49,5129
18430,29,2512,-2483
18431,5262,879,4383
18433,2940,4803,-1863
18434,1693,1309,384
18435,440,2179,-1739
18436,4717,1004,3713
18437,77,16376,-16299
18438,562,13890,-13328
18439,166,6403,-6237
18440,20,7196,-7176
18441,172,5819,-5647
18443,141,3447,-3306
18444,5364,1407,3957
18445,924,3484,-2560
18446,1379,2286,-907
18447,4369,631,3738
18451,238,53,185
18452,2301,55,2246
18453,463,85,378
18454,51,538,-487
18455,53,549,-496
18456,113,1448,-1335
18457,32,108,-76
18458,1455,510,945
18460,82,28,54
18461,131,653,-522
18462,214,118,96
18463,86,318,-232
18464,592,372,220
18465,492,449,43
18466,5753,718,5035
18469,165,774,-609
18470,793,1422,-629
18471,207,1248,-1041
18472,1520,4664,-3144
18473,179,92,87
18503,577,69,508
18504,8507,710,7797
18505,8360,130,8230
18507,2132,297,1835
18508,4771,2251,2520
18509,5275,3517,1758
18510,4822,830,3992
18512,5678,295,5383
18517,2139,1725,414
18518,3688,535,3153
18519,2280,10498,-8218
18602,140,6960,-6820
18603,8364,0,8364
18610,1322,38,1284
18612,6148,7173,-1025
18614,888,314,574
18615,747,890,-143
18616,304,71,233
18617,696,361,335
18618,1569,2088,-519
18619,59,2631,-2572
18621,1950,982,968
18622,55,146,-91
18623,944,26,918
18624,256,13,243
18625,57,5996,-5939
18626,180,10791,-10611
18627,0,1369,-1369
18628,97,8833,-8736
18629,775,2245,-1470
18630,1101,89,1012
18631,435,12780,-12345
18632,188,3110,-2922
18634,5515,560,4955
18635,1487,4841,-3354
18636,626,185,441
18640,6839,5193,1646
18641,2955,13785,-10830
18642,1763,5632,-3869
18643,5696,244,5452
18644,3425,1469,1956
18651,3818,15481,-11663
18655,2318,6679,-4361
18656,879,1558,-679
18657,4480,171,4309
18660,1360,6189,-4829
18661,2039,12420,-10381
18701,1051,5271,-4220
18702,17152,3842,13310
18704,13420,7771,5649
18705,6442,8144,-1702
18706,6792,7200,-408
18707,6010,281,5729
18708,3719,7686,-3967
18709,1471,2396,-925
18801,3140,12365,-9225
18810,2784,7431,-4647
18812,617,6632,-6015
18814,80,129,-49
18816,23,9446,-9423
18817,39,21430,-21391
18818,529,3761,-3232
18820,34,1500,-1466
18821,465,7571,-7106
18822,1317,2009,-692
18823,75,12077,-12002
18824,476,8100,-7624
18825,73,1622,-1549
18826,605,4667,-4062
18828,108,1884,-1776
18829,284,2373,-2089
18830,243,3242,-2999
18831,422,1994,-1572
18832,724,1321,-597
18833,835,5412,-4577
18834,1228,11111,-9883
18837,1013,7834,-6821
18840,4322,2361,1961
18842,56,985,-929
18843,92,6567,-6475
18844,639,7551,-6912
18845,171,12802,-12631
18846,264,11128,-10864
18847,2026,9444,-7418
18848,3648,6277,-2629
18850,828,4902,-4074
18851,255,5548,-5293
18853,1684,5943,-4259
18854,621,3661,-3040
18901,10681,7564,3117
18902,7892,14015,-6123
18912,107,8612,-8505
18913,74,1911,-1837
18914,7757,19511,-11754
18915,464,2704,-2240
18917,969,4047,-3078
18920,148,7283,-7135
18921,114,2250,-2136
18923,496,2704,-2208
18925,2171,2635,-464
18927,144,4522,-4378
18929,3352,3367,-15
18930,931,3637,-2706
18932,124,14138,-14014
18933,57,13221,-13164
18935,113,1841,-1728
18936,79,4179,-4100
18938,6380,12462,-6082
18940,11527,7504,4023
18942,1054,1518,-464
18944,9845,3383,6462
18946,141,5592,-5451
18947,2398,2308,90
18950,30,14914,-14884
18951,13960,15667,-1707
18954,3598,5942,-2344
18955,530,6658,-6128
18960,4729,0,4729
18962,117,23776,-23659
18964,5200,0,5200
18966,14215,36,14179
18969,6250,12772,-6522
18970,313,13420,-13107
18972,1341,12360,-11019
18974,17264,4074,13190
18976,8178,11863,-3685
18977,1758,23155,-21397
18980,71,12659,-12588
19001,6407,6150,257
19002,11486,5588,5898
19003,5985,21644,-15659
19004,3971,9092,-5121
19006,8472,6105,2367
19007,8963,2370,6593
19008,7006,14950,-7944
19009,355,4597,-4242
19010,7728,12122,-4394
19012,2219,18171,-15952
19013,12551,13315,-764
19014,7771,8611,-840
19015,6773,19330,-12557
19017,74,11786,-11712
19018,9603,12587,-2984
19020,22290,3132,19158
19021,3777,11759,-7982
19022,1499,16553,-15054
19023,7809,18885,-11076
19025,2346,12279,-9933
19026,12387,9451,2936
19027,8075,25225,-17150
19029,1569,18140,-16571
19030,4709,18395,-13686
19031,1858,15103,-13245
19032,2489,16290,-13801
19033,2772,18757,-15985
19034,2418,18677,-16259
19035,1455,9887,-8432
19036,5016,11909,-6893
19038,11544,12591,-1047
19040,8045,5189,2856
19041,2569,12316,-9747
19043,1031,2695,-1664
19044,6618,985,5633
19046,7640,2511,5129
19047,12462,4151,8311
19050,12082,86,11996
19052,284,3803,-3519
19053,10521,71,10450
19054,6521,19101,-12580
19055,4755,1908,2847
19056,5909,2984,2925
19057,6008,17659,-11651
19060,3657,6907,-3250
19061,7731,7241,490
19063,15221,2761,12460
19064,8563,4025,4538
19066,1689,0,1689
19067,20503,8080,12423
19070,2885,3724,-839
19072,4357,2600,1757
19073,8302,8984,-682
19074,2251,187,2064
19075,2860,2112,748
19076,2581,5456,-2875
19078,4593,2395,2198
19079,3477,65,3412
19081,3767,629,3138
19082,15894,871,15023
19083,13330,349,12981
19085,1870,24,1846
19086,4721,19399,-14678
19087,12157,19836,-7679
19090,7602,0,7602
19094,1821,4871,-3050
19095,3316,16041,-12725
19096,5805,17517,-11712
19102,3425,2315,1110
19103,16337,10274,6063
19104,18053,7410,10643
19106,8155,4586,3569
19107,8459,11521,-3062
19108,57,7426,-7369
19109,0,90,-90
19111,25828,412,25416
19112,0,220,-220
19113,0,8589,-8589
19114,13553,6988,6565
19115,14642,0,14642
19116,13402,4041,9361
19118,4875,21784,-16909
19119,12564,711,11853
19120,24592,11034,13558
19121,14597,223,14374
19122,7814,56,7758
19123,8978,15852,-6874
19124,24377,5728,18649
19125,11422,18194,-6772
19126,6704,6403,301
19127,2830,10019,-7189
19128,18018,0,18018
19129,5149,5706,-557
19130,15446,193,15253
19131,18164,4475,13689
19132,14384,20,14364
19133,9461,168,9293
19134,21942,399,21543
19135,13379,495,12884
19136,13124,1790,11334
19137,3236,1224,2012
19138,12492,2671,9821
19139,18957,1234,17723
19140,20384,5685,14699
19141,14413,2534,11879
19142,10908,198,10710
19143,26259,6969,19290
19144,19792,5058,14734
19145,18976,39,18937
19146,18101,2287,15814
19147,18970,5731,13239
19148,20449,80,20369
19149,19381,4749,14632
19150,10003,4334,5669
19151,12766,1225,11541
19152,13456,4864,8592
19153,5682,2193,3489
19154,12760,803,11957
19301,2913,16,2897
19310,934,177,757
19311,3414,47,3367
19312,4318,1738,2580
19316,13,4531,-4518
19317,4012,1512,2500
19319,76,0,76
19320,19960,2050,17910
19330,2005,75,1930
19333,3055,221,2834
19335,19489,1634,17855
19341,8182,93,8089
19342,7833,128,7705
19343,2832,1872,960
19344,4576,177,4399
19345,0,1439,-1439
19348,8939,129,8810
19350,3853,3176,677
19352,3028,871,2157
19355,10707,51,10656
19358,129,3283,-3154
19362,2068,1986,82
19363,5783,12158,-6375
19365,2729,7030,-4301
19367,22,8613,-8591
19369,52,7444,-7392
19372,865,13251,-12386
19373,683,9668,-8985
19374,244,8186,-7942
19375,64,4201,-4137
19380,20741,6461,14280
19382,20216,4019,16197
19383,126,14406,-14280
19390,4652,18558,-13906
19401,16862,5844,11018
19403,18542,652,17890
19405,2022,5674,-3652
19406,12322,11456,866
19422,7698,0,7698
19425,5718,19301,-13583
19426,12968,11926,1042
19428,9270,0,9270
19435,45,219,-174
19436,369,21290,-20921
19437,379,186,193
19438,9236,86,9150
19440,7524,42,7482
19442,0,55,-55
19444,4764,3525,1239
19446,23608,0,23608
19453,722,0,722
19454,11178,6312,4866
19456,71,10176,-10105
19457,49,8545,-8496
19460,17208,7178,10030
19462,6347,15019,-8672
19464,18586,5387,13199
19465,7244,2989,4255
19468,10572,15062,-4490
19472,39,5923,-5884
19473,6424,9950,-3526
19474,215,12600,-12385
19475,4814,0,4814
19477,26,11399,-11373
19490,115,1034,-919
19492,409,117,292
19501,438,2904,-2466
19503,452,4606,-4154
19504,1921,128,1793
19505,1522,2806,-1284
19506,2478,2748,-270
19507,1191,1704,-513
19508,6084,815,5269
19510,3320,4496,-1176
19511,54,291,-237
19512,6876,3303,3573
19516,92,1519,-1427
19518,5810,5573,237
19520,2484,2324,160
19522,5560,675,4885
19523,0,3780,-3780
19525,5598,1615,3983
19526,4728,516,4212
19529,1183,23,1160
19530,4748,5413,-665
19533,2410,8706,-6296
19534,761,2313,-1552
19535,19,3359,-3340
19536,248,7246,-6998
19538,33,498,-465
19539,1581,10793,-9212
19540,4246,211,4035
19541,1610,3378,-1768
19543,2023,2917,-894
19544,60,5327,-5267
19545,212,8140,-7928
19547,1904,3462,-1558
19549,125,7392,-7267
19550,158,184,-26
19551,1757,16069,-14312
19554,156,22890,-22734
19555,1393,11095,-9702
19559,115,1102,-987
19560,3806,7891,-4085
19562,1283,737,546
19564,59,12284,-12225
19565,3388,15522,-12134
19567,2089,26131,-24042
19601,12390,12267,123
19602,6805,22818,-16013
19604,9581,5796,3785
19605,7702,6363,1339
19606,13771,13418,353
19607,9592,7155,2437
19608,8662,7232,1430
19609,4114,21097,-16983
19610,6783,20338,-13555
19611,4270,7074,-2804
19701,16192,12913,3279
19702,20724,3974,16750
19703,6622,6743,-121
19706,679,0,679
19707,6261,51,6210
19709,16880,0,16880
19710,17,0,17
19711,19358,0,19358
19713,11809,3684,8125
19716,0,1869,-1869
19717,0,12326,-12326
19720,22685,13428,9257
19730,168,9352,-9184
19731,114,7819,-7705
19732,132,2379,-2247
19733,76,1073,-997
19734,4271,2,4269
19735,0,1366,-1366
19736,13,13754,-13741
19801,7463,9825,-2362
19802,10740,4887,5853
19803,8523,208,8315
19804,7443,123,7320
19805,16059,5144,10915
19806,5932,1312,4620
19807,3379,8285,-4906
19808,15263,546,14717
19809,6198,84,6114
19810,10266,2097,8169
19901,14103,370,13733
19902,0,532,-532
19904,14513,19006,-4493
19930,1405,8978,-7573
19931,162,6594,-6432
19933,3712,7670,-3958
19934,4745,9794,-5049
19936,115,1556,-1441
19938,3001,11872,-8871
19939,3078,11315,-8237
19940,2144,3353,-1209
19941,1014,6526,-5512
19943,5032,13426,-8394
19944,298,16206,-15908
19945,3324,9673,-6349
19946,2010,15022,-13012
19947,6629,2134,4495
19950,3016,2500,516
19951,814,279,535
19952,3854,5444,-1590
19953,1731,5246,-3515
19954,599,8599,-8000
19955,97,11406,-11309
19956,5625,5829,-204
19958,13249,611,12638
19960,2489,882,1607
19962,4142,0,4142
19963,8432,0,8432
19964,541,0,541
19966,13797,0,13797
19967,924,0,924
19968,5547,0,5547
19970,3666,0,3666
19971,7240,0,7240
19973,9659,232,9427
19975,4395,0,4395
19977,8546,0,8546
19979,269,0,269
19980,100,0,100
20001,22974,0,22974
20002,31832,0,31832
20003,15993,0,15993
20004,1270,0,1270
20005,8802,0,8802
20006,637,0,637
20007,11668,0,11668
20008,16989,0,16989
20009,28382,0,28382
20010,14255,0,14255
20011,26989,0,26989
20012,6784,0,6784
20015,6072,0,6072
20016,14092,8298,5794
20017,8108,8894,-786
20018,8858,10443,-1585
20019,26184,153,26031
20020,23071,3222,19849
20024,8939,310,8629
20032,17796,412,17384
20036,3664,373,3291
20037,6696,141,6555
20045,0,4405,-4405
20052,0,100,-100
20057,0,2206,-2206
20059,0,264,-264
20064,0,264,-264
20105,9366,3808,5558
20106,1631,601,1030
20109,14582,469,14113
20110,15263,1512,13751
20111,11025,843,10182
20112,8894,469,8425
20115,2713,274,2439
20117,1407,168,1239
20119,1208,142,1066
20120,14167,143,14024
20121,9458,69,9389
20124,5052,148,4904
20129,213,2300,-2087
20130,107,3782,-3675
20132,5710,1625,4085
20135,1417,4542,-3125
20136,8977,3426,5551
20137,718,312,406
20141,2555,6667,-4112
20143,231,4687,-4456
20144,610,9299,-8689
20147,23624,7145,16479
20148,18902,354,18548
20151,6681,7533,-852
20152,10964,20,10944
20155,12052,894,11158
20158,1484,1093,391
20164,12583,141,12442
20165,11926,252,11674
20166,4672,418,4254
20169,8820,647,8173
20170,13764,1298,12466
20171,17812,829,16983
20175,11500,3968,7532
20176,16563,505,16058
20180,2573,378,2195
20181,2978,2277,701
20184,209,22,187
20186,5889,197,5692
20187,6241,987,5254
20190,10301,522,9779
20191,11898,213,11685
20194,5638,538,5100
20197,915,331,584
20198,760,2143,-1383
20204,0,0,0
20220,0,8673,-8673
20230,0,12182,-12182
20240,0,11959,-11959
20245,0,9976,-9976
20250,0,3803,-3803
20260,0,2473,-2473
20317,0,3684,-3684
20319,0,1766,-1766
20373,49,8707,-8658
20388,0,7849,-7849
20390,0,6867,-6867
20408,0,9135,-9135
20415,0,1676,-1676
20418,0,10067,-10067
20422,0,6276,-6276
20427,0,3382,-3382
20431,0,970,-970
20510,0,12109,-12109
20515,0,3052,-3052
20520,0,6234,-6234
20530,0,9061,-9061
20535,0,0,0
20540,0,14015,-14015
20542,0,18210,-18210
20551,0,10254,-10254
20560,0,11370,-11370
20565,0,15288,-15288
20566,0,15536,-15536
20591,0,938,-938
20601,9544,2359,7185
20602,10426,2890,7536
20603,10944,225,10719
20606,52,1042,-990
20607,3932,905,3027
20608,264,901,-637
20609,508,1645,-1137
20611,429,189,240
20612,69,2084,-2015
20613,5058,10433,-5375
20615,223,15671,-15448
20616,2468,15726,-13258
20617,198,1166,-968
20618,389,1028,-639
20619,5160,736,4424
20620,520,509,11
20621,396,3979,-3583
20622,1609,11017,-9408
20623,830,12595,-11765
20624,306,9655,-9349
20625,444,13012,-12568
20626,109,2929,-2820
20628,257,100,157
20629,332,12572,-12240
20630,167,13524,-13357
20632,131,6006,-5875
20634,2915,13174,-10259
20636,3349,775,2574
20637,2035,8419,-6384
20639,4705,2689,2016
20640,4042,1904,2138
20645,268,97,171
20646,7001,99,6902
20650,5158,2795,2363
20653,10367,614,9753
20656,50,18180,-18130
20657,7253,4932,2321
20658,394,18771,-18377
20659,7984,9581,-1597
20660,0,16610,-16610
20661,0,4750,-4750
20662,923,805,118
20664,1254,653,601
20667,180,75,105
20670,298,4434,-4136
20674,297,354,-57
20675,694,4105,-3411
20676,1175,4324,-3149
20677,786,21631,-20845
20678,4506,8612,-4106
20680,225,11647,-11422
20684,339,22517,-22178
20685,2460,8077,-5617
20686,0,233,-233
20687,208,4468,-4260
20688,716,12089,-11373
20689,629,6979,-6350
20690,329,330,-1
20692,216,130,86
20693,350,12241,-11891
20695,4073,16411,-12338
20701,260,7287,-7027
20705,8958,20447,-11489
20706,13111,5712,7399
20707,13525,23890,-10365
20708,10279,17892,-7613
20710,3497,9629,-6132
20711,2272,8341,-6069
20712,4592,484,4108
20714,1660,11000,-9340
20715,8996,56,8940
20716,8805,7701,1104
20720,8147,1684,6463
20721,10364,13132,-2768
20722,2135,9713,-7578
20723,11878,2697,9181
20724,6962,1216,5746
20732,4069,3379,690
20733,1085,10285,-9200
20735,13117,0,13117
20736,3363,3109,254
20737,6492,1173,5319
20740,11182,2523,8659
20742,0,639,-639
20743,15013,7659,7354
20744,19724,9018,10706
20745,11674,13368,-1694
20746,12447,15297,-2850
20747,16493,17415,-922
20748,16075,15039,1036
20751,928,6363,-5435
20754,2277,4096,-1819
20755,2943,3762,-819
20758,240,6311,-6071
20759,1903,96,1807
20762,841,86,755
20763,1093,1157,-64
20764,1444,3488,-2044
20765,188,57,131
20769,2173,1549,624
20770,12019,11149,870
20771,0,21322,-21322
20772,18915,155,18760
20774,20011,5311,14700
20776,1121,9678,-8557
20777,1156,4710,-3554
20778,809,65,744
20779,514,7583,-7069
20781,4291,271,4020
20782,12286,2712,9574
20783,13533,6376,7157
20784,10120,1883,8237
20785,15401,3733,11668
20794,3963,15836,-11873
20812,99,4191,-4092
20814,13429,1608,11821
20815,13233,12,13221
20816,6373,6339,34
20817,13619,1658,11961
20818,755,12128,-11373
20832,8485,9707,-1222
20833,2615,22312,-19697
20837,2229,2372,-143
20838,90,21308,-21218
20839,62,4878,-4816
20841,2920,83,2837
20842,661,2396,-1735
20850,20766,838,19928
20851,5168,10965,-5797
20852,21414,12310,9104
20853,9794,1294,8500
20854,17030,10872,6158
20855,6140,9307,-3167
20860,746,2576,-1830
20861,1135,114,1021
20862,155,2300,-2145
20866,5006,922,4084
20868,156,147,9
20871,8185,13735,-5550
20872,4510,7130,-2620
20874,22011,856,21155
20876,8598,2069,6529
20877,12496,1171,11325
20878,24477,2441,22036
20879,8836,8723,113
20880,319,8211,-7892
20882,4657,7076,-2419
20886,12305,5414,6891
20889,0,19514,-19514
20892,0,19135,-19135
20894,0,14312,-14312
20895,7082,11738,-4656
20896,336,5448,-5112
20899,217,7929,-7712
20901,13012,13342,-330
20902,17776,11153,6623
20903,7211,7767,-556
20904,20706,23008,-2302
20905,5564,10362,-4798
20906,25547,15048,10499
20910,21332,19242,2090
20912,9738,3588,6150
21001,10275,14922,-4647
21005,758,16221,-15463
21009,12367,21621,-9254
21010,103,9294,-9191
21012,8136,18120,-9984
21013,1855,12218,-10363
21014,14270,2764,11506
21015,10916,12986,-2070
21017,2384,18953,-16569
21023,30,17266,-17236
21028,965,14086,-13121
21029,3964,7520,-3556
21030,10843,28656,-17813
21031,18,15226,-15208
21032,2902,11481,-8579
21034,1203,11142,-9939
21035,2897,0,2897
21036,744,14050,-13306
21037,7981,0,7981
21040,9162,0,9162
21042,14748,0,14748
21043,17098,8098,9000
21044,18237,16286,1951
21045,15307,336,14971
21046,6189,12997,-6808
21047,4643,139,4504
21048,3715,7145,-3430
21050,6399,16488,-10089
21051,63,764,-701
21052,249,536,-287
21053,1123,46,1077
21054,4946,104,4842
21056,127,245,-118
21057,1614,184,1430
21060,15007,652,14355
21061,22311,1027,21284
21071,158,6223,-6065
21074,6005,1635,4370
21075,12322,236,12086
21076,7932,1031,6901
21077,43,42,1
21078,8004,620,7384
21082,272,172,100
21084,2675,52,2623
21085,6451,751,5700
21087,2197,5971,-3774
21090,3703,586,3117
21093,15769,862,14907
21102,4342,1132,3210
21104,2030,1212,818
21105,0,9684,-9684
21108,6092,205,5887
21111,1854,170,1684
21113,14974,136,14838
21114,9334,7517,1817
21117,23142,3533,19609
21120,2427,2310,117
21122,22734,4858,17876
21128,5437,254,5183
21130,21,563,-542
21131,2696,58,2638
21132,1007,978,29
21133,11674,52,11622
21136,13746,7,13739
21140,1474,173,1301
21144,12781,3221,9560
21146,9990,1149,8841
21152,2651,2455,196
21153,318,143,175
21154,2429,810,1619
21155,978,548,430
21156,126,1766,-1640
21157,14410,1661,12749
21158,8355,527,7828
21160,984,17,967
21161,2125,2106,19
21162,1423,25,1398
21163,2535,442,2093
21201,10068,160,9908
21202,10095,128,9967
21204,8363,517,7846
21205,5265,88,5177
21206,20047,1027,19020
21207,19360,73,19287
21208,15289,66,15223
21209,11511,510,11001
21210,5337,1764,3573
21211,8333,262,8071
21212,12679,1469,11210
21213,11288,635,10653
21214,8381,1425,6956
21215,21287,1155,20132
21216,11196,261,10935
21217,14392,1664,12728
21218,18180,264,17916
21219,3449,135,3314
21220,15970,4411,11559
21221,16827,109,16718
21222,22322,580,21742
21223,8292,65,8227
21224,19254,322,18932
21225,12648,173,12475
21226,2369,1331,1038
21227,13731,41,13690
21228,19582,234,19348
21229,17811,177,17634
21230,15308,894,14414
21231,7975,232,7743
21233,0,14855,-14855
21234,27842,14697,13145
21236,15504,11860,3644
21237,11946,4460,7486
21239,11617,0,11617
21240,0,1720,-1720
21244,13934,344,13590
21250,0,3598,-3598
21251,0,6,-6
21252,0,1846,-1846
21285,0,0,0
21286,9270,54,9216
21287,0,552,-552
21401,17347,1899,15448
21402,363,247,116
21403,14138,1621,12517
21405,179,353,-174
21409,7466,416,7050
21502,16681,375,16306
21520,865,1024,-159
21521,640,23225,-22585
21523,99,12736,-12637
21524,289,0,289
21529,261,1596,-1335
21530,806,1982,-1176
21531,954,2070,-1116
21532,4867,1148,3719
21536,1470,1023,447
21538,310,1738,-1428
21539,992,40,952
21540,25,320,-295
21541,800,394,406
21542,62,3971,-3909
21543,202,1886,-1684
21545,770,9800,-9030
21550,5908,1920,3988
21555,636,4045,-3409
21557,764,1893,-1129
21560,8,543,-535
21561,1061,482,579
21562,1195,402,793
21601,10094,663,9431
21607,200,0,200
21610,170,1882,-1712
21612,283,3271,-2988
21613,7439,13352,-5913
21617,3560,4173,-613
21619,2362,4466,-2104
21620,5369,25,5344
21622,234,1985,-1751
21623,939,3541,-2602
21624,116,701,-585
21625,796,3620,-2824
21626,34,2663,-2629
21627,15,951,-936
21628,189,10403,-10214
21629,3413,0,3413
21631,1033,14389,-13356
21632,2493,190,2303
21634,190,8694,-8504
21635,874,1060,-186
21636,348,256,92
21638,1955,2103,-148
21639,1723,416,1307
21640,539,751,-212
21641,56,64,-8
21643,2009,1885,124
21644,7,321,-314
21645,478,1287,-809
21647,183,305,-122
21648,44,967,-923
21649,570,684,-114
21650,92,178,-86
21651,1056,389,667
21652,103,5389,-5286
21653,50,1381,-1331
21654,616,1117,-501
21655,1854,2849,-995
21657,435,3677,-3242
21658,1456,379,1077
21659,393,393,0
21660,1502,92,1410
21661,1222,2038,-816
21662,275,258,17
21663,1630,275,1355
21664,221,22,199
21665,58,14,44
21666,5315,307,5008
21667,89,779,-690
21668,599,242,357
21669,73,818,-745
21671,368,2446,-2078
21672,82,0,82
21673,1197,5677,-4480
21675,35,0,35
21676,238,2206,-1968
21677,201,2649,-2448
21678,817,3999,-3182
21679,151,385,-234
21701,17029,209,16820
21702,17018,223,16795
21703,14415,1182,13233
21704,5381,0,5381
21705,0,756,-756
21710,1740,1436,304
21711,497,1456,-959
21713,3799,80,3719
21714,109,15595,-15486
21715,11,89,-78
21716,2535,19018,-16483
21717,89,14820,-14731
21718,61,5994,-5933
21719,358,4787,-4429
21722,2202,816,1386
21723,251,18602,-18351
21727,1882,11700,-9818
21733,361,9845,-9484
21734,506,14914,-14408
21737,705,0,705
21738,1316,6179,-4863
21740,24763,10495,14268
21742,13341,11736,1605
21746,0,9231,-9231
21750,1567,5702,-4135
21754,2218,6120,-3902
21755,2017,2720,-703
21756,1192,5975,-4783
21757,1000,10649,-9649
21758,1691,10862,-9171
21762,79,9506,-9427
21766,290,6464,-6174
21767,416,347,69
21769,4211,1366,2845
21770,2220,9061,-6841
21771,10602,5830,4772
21773,1875,10331,-8456
21774,4929,10627,-5698
21776,2366,3155,-789
21777,734,8210,-7476
21778,322,5189,-4867
21779,583,8824,-8241
21780,769,0,769
21781,0,19169,-19169
21782,1699,18805,-17106
21783,3491,22011,-18520
21784,13094,16504,-3410
21787,4141,11217,-7076
21788,4699,10439,-5740
21790,5,19784,-19779
21791,1924,6356,-4432
21793,3994,9942,-5948
21794,717,11274,-10557
21795,3638,6344,-2706
21797,2859,67,2792
21798,875,1293,-418
21801,11285,0,11285
21804,15264,4838,10426
21810,150,8336,-8186
21811,10235,6360,3875
21813,1095,20838,-19743
21814,55,5992,-5937
21817,1794,11644,-9850
21821,369,4514,-4145
21822,953,4683,-3730
21824,86,10917,-10831
21826,1923,11318,-9395
21829,163,7418,-7255
21830,1711,10659,-8948
21835,150,14931,-14781
21837,1188,10361,-9173
21838,766,9705,-8939
21840,165,9892,-9727
21841,427,7265,-6838
21842,5498,18840,-13342
21849,1423,9224,-7801
21850,1364,1160,204
21851,3027,177,2850
21853,3649,97,3552
21856,349,833,-484
21861,283,294,-11
21862,0,325,-325
21863,1836,121,1715
21864,253,3498,-3245
21865,172,201,-29
21866,56,790,-734
21867,0,596,-596
21869,362,720,-358
21871,704,2199,-1495
21872,212,197,15
21874,744,407,337
21875,2939,1412,1527
21890,0,7965,-7965
21901,6633,370,6263
21902,73,2084,-2011
21903,2196,118,2078
21904,2442,5082,-2640
21911,4074,0,4074
21912,553,594,-41
21913,382,916,-534
21914,353,2230,-1877
21915,1225,175,1050
21917,617,105,512
21918,1611,858,753
21919,1398,190,1208
21920,278,141,137
21921,16825,1197,15628
21930,12,514,-502
22003,19077,5851,13226
22015,15023,25,14998
22025,6453,6215,238
22026,5644,4459,1185
22027,665,15902,-15237
22030,21246,8145,13101
22031,14272,2471,11801
22032,9911,1083,8828
22033,15389,2172,13217
22035,0,820,-820
22039,5718,1098,4620
22041,11098,71,11027
22042,12180,1950,10230
22043,9467,10994,-1527
22044,5275,10628,-5353
22046,6886,5279,1607
22060,2542,727,1815
22066,5587,3124,2463
22079,11933,1006,10927
22101,10656,239,10417
22102,12387,957,11430
22124,6553,1453,5100
22125,462,387,75
22134,1316,11840,-10524
22150,9540,613,8927
22151,5548,161,5387
22152,9817,285,9532
22153,10817,205,10612
22172,3624,1461,2163
22180,9295,39,9256
22181,5736,927,4809
22182,9729,1515,8214
22191,24324,102,24222
22192,20229,544,19685
22193,24613,526,24087
22201,19946,238,19708
22202,15178,7107,8071
22203,12946,802,12144
22204,22847,4573,18274
22205,6835,753,6082
22206,10794,505,10289
22207,12014,3592,8422
22209,7584,11056,-3472
22211,47,422,-375
22213,1719,0,1719
22214,0,2472,-2472
22301,6242,541,5701
22302,8661,444,8217
22303,7950,531,7419
22304,23148,417,22731
22305,7444,161,7283
22306,11305,198,11107
22307,4533,389,4144
22308,4675,86,4589
22309,12560,26,12534
22310,10751,655,10096
22311,8354,210,8144
22312,10482,1854,8628
22314,18846,1123,17723
22315,11514,36,11478
22401,11154,25,11129
22405,11665,62,11603
22406,9151,55,9096
22407,20866,532,20334
22408,11548,1118,10430
22427,1387,683,704
22432,87,256,-169
22433,78,1019,-941
22435,888,467,421
22436,313,529,-216
22437,278,96,182
22438,107,643,-536
22443,4296,82,4214
22448,181,471,-290
22454,745,194,551
22460,674,12099,-11425
22469,1050,10466,-9416
22472,0,8,-8
22473,2224,296,1928
22476,105,249,-144
22480,420,3020,-2600
22482,1591,3371,-1780
22485,9264,68,9196
22488,200,2136,-1936
22503,1751,2458,-707
22504,112,3995,-3883
22508,5723,755,4968
22509,50,367,-317
22511,543,483,60
22514,898,470,428
22520,1919,4589,-2670
22529,12,1692,-1680
22534,974,1163,-189
22535,188,2127,-1939
22538,92,1069,-977
22539,926,1831,-905
22542,808,0,808
22546,6021,663,5358
22548,38,346,-308
22551,7022,1821,5201
22553,5462,319,5143
22554,18963,2378,16585
22556,9750,1905,7845
22560,2690,13629,-10939
22567,1055,9101,-8046
22572,2388,14833,-12445
22576,751,51,700
22578,1250,6436,-5186
22580,2108,1811,297
22601,11474,1000,10474
22602,10993,1652,9341
22603,6360,149,6211
22610,706,2727,-2021
22611,3345,289,3056
22620,969,1590,-621
22623,267,695,-428
22624,1001,577,424
22625,1307,1830,-523
22627,281,371,-90
22630,12843,3204,9639
22637,935,116,819
22639,249,83,166
22640,176,1745,-1569
22641,101,63,38
22642,1692,478,1214
22643,117,811,-694
22644,1023,798,225
22645,1672,599,1073
22646,13,4162,-4149
22650,346,5946,-5600
22652,575,80,495
22654,395,658,-263
22655,7835,3539,4296
22656,1644,564,1080
22657,4220,656,3564
22660,640,123,517
22663,403,2638,-2235
22664,3677,1678,1999
22701,12505,79,12426
22709,433,12950,-12517
22711,15,39,-24
22712,2893,4099,-1206
22713,607,371,236
22714,320,5659,-5339
22715,586,2250,-1664
22716,449,308,141
22718,293,1445,-1152
22719,79,174,-95
22720,296,316,-20
22722,199,140,59
22723,71,3049,-2978
22724,764,72,692
22725,16,558,-542
22726,352,1949,-1597
22727,2205,141,2064
22728,1178,516,662
22729,80,665,-585
22730,27,388,-361
22731,78,1500,-1422
22732,86,731,-645
22733,511,21,490
22734,1286,778,508
22735,792,240,552
22736,241,342,-101
22737,1080,145,935
22738,472,11736,-11264
22740,358,12791,-12433
22741,77,7570,-7493
22742,529,998,-469
22743,96,1888,-1792
22746,102,33,69
22747,481,681,-200
22749,80,290,-210
22801,13938,216,13722
22802,11031,1072,9959
22807,1,344,-343
22810,279,711,-432
22811,222,4655,-4433
22812,3200,3889,-689
22815,3392,276,3116
22820,100,105,-5
22821,2190,475,1715
22824,2551,695,1856
22827,4376,150,4226
22830,741,1098,-357
22831,304,1847,-1543
22832,390,85,305
22834,452,198,254
22835,4986,4995,-9
22840,1867,957,910
22841,1240,1836,-596
22842,2102,397,1705
22843,987,78,909
22844,2171,905,1266
22845,58,327,-269
22846,643,13810,-13167
22847,265,17141,-16876
22849,1833,8904,-7071
22850,472,6397,-5925
22851,2098,66,2032
22853,1792,9474,-7682
22901,15900,3984,11916
22902,11099,86,11013
22903,15466,1757,13709
22904,26,694,-668
22908,0,1169,-1169
22911,7377,45,7332
22920,1727,196,1531
22922,892,421,471
22923,2581,99,2482
22931,93,128,-35
22932,2979,278,2701
22935,285,8838,-8553
22936,2185,2044,141
22937,832,2397,-1565
22938,383,1134,-751
22939,2411,796,1615
22940,371,981,-610
22942,3905,5039,-1134
22943,222,492,-270
22946,55,777,-722
22947,2101,0,2101
22948,62,38,24
22949,576,166,410
22952,609,2170,-1561
22957,0,578,-578
22958,965,17,948
22959,680,652,28
22960,3821,242,3579
22963,6334,306,6028
22964,138,232,-94
22967,873,2206,-1333
22968,3678,16962,-13284
22969,636,0,636
22971,736,15540,-14804
22972,189,2690,-2501
22973,2570,1501,1069
22974,1282,13617,-12335
22976,116,7159,-7043
22980,13645,9498,4147
22989,29,19189,-19160
23002,4172,12230,-8058
23004,466,17377,-16911
23005,6540,6739,-199
23009,2763,11478,-8715
23011,390,14549,-14159
23015,1639,12726,-11087
23021,12,2430,-2418
23022,461,13280,-12819
23023,115,11240,-11125
23024,3897,15427,-11530
23025,382,12474,-12092
23027,500,9862,-9362
23030,1896,7578,-5682
23032,97,10955,-10858
23035,605,0,605
23038,763,7752,-6989
23039,499,636,-137
23040,1776,27,1749
23043,737,343,394
23045,33,76,-43
23047,684,368,316
23050,246,305,-59
23055,413,799,-386
23056,56,1923,-1867
23059,14897,81,14816
23060,13655,2694,10961
23061,8502,632,7870
23062,953,100,853
23063,1637,20762,-19125
23065,590,12362,-11772
23066,348,19195,-18847
23068,109,11623,-11514
23069,1115,8660,-7545
23070,345,6786,-6441
23071,774,1506,-732
23072,4879,162,4717
23075,3680,216,3464
23076,181,1563,-1382
23079,151,48,103
23081,0,340,-340
23083,850,280,570
23084,600,12,588
23085,176,374,-198
23086,1323,46,1277
23089,2227,155,2072
23091,195,9,186
23092,370,38,332
23093,5197,398,4799
23102,1246,201,1045
23103,2570,17,2553
23106,473,13,460
23108,31,905,-874
23109,937,323,614
23110,409,118,291
23111,14693,737,13956
23112,20264,199,20065
23113,9761,1970,7791
23114,7999,315,7684
23116,11283,1228,10055
23117,3843,1798,2045
23119,39,135,-96
23120,4460,113,4347
23123,656,62,594
23124,1804,139,1665
23126,214,6618,-6404
23128,161,544,-383
23129,182,375,-193
23130,62,17290,-17228
23138,397,9431,-9034
23139,9802,417,9385
23140,2698,1646,1052
23141,2583,791,1792
23146,1203,223,980
23147,0,72,-72
23148,599,709,-110
23149,1041,19609,-18568
23150,5218,22274,-17056
23153,516,11898,-11382
23156,572,22853,-22281
23160,0,18935,-18935
23161,38,16462,-16424
23163,46,1582,-1536
23168,3028,265,2763
23169,426,0,426
23173,0,0,0
23175,812,24310,-23498
23176,160,26038,-25878
23177,316,143,173
23180,236,42,194
23181,2134,2452,-318
23185,18682,120,18562
23188,17190,8066,9124
23192,2404,13373,-10969
23219,3003,7042,-4039
23220,14099,12004,2095
23221,7419,3437,3982
23222,10789,6191,4598
23223,23486,4955,18531
23224,15987,3071,12916
23225,18722,129,18593
23226,7328,11285,-3957
23227,11870,2084,9786
23228,14990,11215,3775
23229,13451,2395,11056
23230,3794,0,3794
23231,15307,10414,4893
23233,12401,15701,-3300
23234,16124,1326,14798
23235,13977,942,13035
23236,10247,6074,4173
23237,9091,10693,-1602
23238,11388,9203,2185
23250,0,16520,-16520
23284,7,186,-179
23294,8260,5651,2609
23298,0,4592,-4592
23301,753,5632,-4879
23302,0,3788,-3788
23303,163,1127,-964
23304,0,19773,-19773
23306,442,15819,-15377
23307,236,1190,-954
23308,831,50,781
23310,2323,7393,-5070
23314,3629,8688,-5059
23315,617,1402,-785
23316,32,9227,-9195
23320,24387,4463,19924
23321,13815,9921,3894
23322,21294,7225,14069
23323,14236,5952,8284
23324,8492,0,8492
23325,7297,0,7297
23336,1908,994,914
23337,284,14882,-14598
23347,274,7303,-7029
23350,1485,0,1485
23354,100,642,-542
23356,541,2837,-2296
23357,186,584,-398
23358,54,149,-95
23359,344,421,-77
23389,58,481,-423
23395,215,12174,-11959
23398,12,10672,-10660
23401,114,794,-680
23405,445,9816,-9371
23407,193,4169,-3976
23408,10,1594,-1584
23409,60,5198,-5138
23410,712,326,386
23413,347,551,-204
23414,57,1341,-1284
23415,757,2492,-1735
23416,42,225,-183
23417,1850,356,1494
23418,381,188,193
23420,1106,254,852
23421,1699,5251,-3552
23422,107,246,-139
23423,116,5459,-5343
23426,27,348,-321
23427,116,200,-84
23430,7088,10311,-3223
23432,533,859,-326
23433,501,956,-455
23434,18960,2034,16926
23435,12175,947,11228
23436,355,426,-71
23437,1938,3726,-1788
23438,679,239,440
23440,216,429,-213
23441,0,316,-316
23442,447,812,-365
23451,20835,887,19948
23452,22182,960,21222
23453,12647,16,12631
23454,23165,996,22169
23455,20801,273,20528
23456,19965,746,19219
23457,1635,230,1405
23459,0,1616,-1616
23460,0,4,-4
23461,0,111,-111
23462,27278,191,27087
23464,28538,223,28315
23480,156,785,-629
23486,28,156,-128
23487,2330,5605,-3275
23488,217,0,217
23502,8280,202,8078
23503,13999,1147,12852
23504,8379,1112,7267
23505,12286,1354,10932
23507,3313,711,2602
23508,6691,591,6100
23509,5241,1050,4191
23510,4633,2558,2075
23511,326,1900,-1574
23513,12009,2241,9768
23517,2414,317,2097
23518,12542,2395,10147
23523,2764,795,1969
23551,0,134,-134
23601,11663,553,11110
23602,17737,23,17714
23603,1439,1777,-338
23604,773,1481,-708
23605,6393,1319,5074
23606,11873,59,11814
23607,9521,873,8648
23608,16889,1184,15705
23651,242,477,-235
23661,5868,700,5168
23662,4617,136,4481
23663,5424,140,5284
23664,4550,493,4057
23665,1610,898,712
23666,23074,333,22741
23667,0,279,-279
23668,0,3513,-3513
23669,16342,1539,14803
23681,0,84,-84
23690,1535,66,1469
23691,15,13006,-12991
23692,7303,3104,4199
23693,8791,7648,1143
23696,1321,7431,-6110
23701,9518,3773,5745
23702,4832,9294,-4462
23703,9836,16211,-6375
23704,8037,10674,-2637
23707,6325,24,6301
23708,5,1116,-1111
23709,0,2611,-2611
23801,1470,5581,-4111
23803,16379,201,16178
23805,8282,276,8006
23821,722,17893,-17171
23824,2583,1770,813
23827,441,2537,-2096
23828,261,1878,-1617
23829,500,1004,-504
23830,533,753,-220
23831,13744,541,13203
23832,13025,481,12544
23833,835,11974,-11139
23834,10925,430,10495
23836,5272,589,4683
23837,1773,3393,-1620
23838,5777,725,5052
23839,314,152,162
23840,755,809,-54
23841,1328,4687,-3359
23842,2664,822,1842
23843,258,75,183
23844,201,1951,-1750
23845,166,1728,-1562
23846,340,998,-658
23847,5094,1748,3346
23850,510,2713,-2203
23851,5350,1218,4132
23856,404,52,352
23857,140,1617,-1477
23860,10877,2662,8215
23866,744,721,23
23867,857,1375,-518
23868,1948,353,1595
23870,0,13917,-13917
23872,943,990,-47
23874,402,4106,-3704
23875,4711,746,3965
23876,86,1830,-1744
23878,646,1740,-1094
23879,253,693,-440
23881,867,0,867
23882,688,12,676
23883,790,199,591
23884,0,1024,-1024
23885,1033,2337,-1304
23887,269,1447,-1178
23888,867,1172,-305
23889,229,548,-319
23890,1645,315,1330
23891,0,8821,-8821
23893,182,0,182
23894,143,491,-348
23897,325,3430,-3105
23898,1078,1470,-392
23899,204,368,-164
23901,5634,8378,-2744
23909,0,14543,-14543
23915,402,114,288
23917,1068,929,139
23919,865,565,300
23920,1285,115,1170
23921,813,92,721
23922,808,3248,-2440
23923,1009,1069,-60
23924,2520,3777,-1257
23927,1983,724,1259
23930,2193,7808,-5615
23934,243,2092,-1849
23936,2015,383,1632
23937,805,7410,-6605
23938,102,5286,-5184
23942,521,7154,-6633
23943,0,4452,-4452
23944,1315,1218,97
23947,1486,222,1264
23950,1303,4136,-2833
23952,65,274,-209
23954,925,372,553
23955,9,2589,-2580
23958,996,752,244
23959,489,566,-77
23960,764,2990,-2226
23962,180,3590,-3410
23963,101,1392,-1291
23964,484,380,104
23966,831,60,771
23967,391,947,-556
23968,351,2116,-1765
23970,3447,480,2967
23974,1511,207,1304
23976,64,1115,-1051
24011,475,487,-12
24012,12427,3654,8773
24013,2662,1403,1259
24014,7615,757,6858
24015,6866,2445,4421
24016,4556,2573,1983
24017,9477,409,9068
24018,15958,3444,12514
24019,11808,240,11568
24020,28,330,-302
24022,0,1082,-1082
24053,1095,151,944
24054,2143,2695,-552
24055,4948,2373,2575
24058,92,2049,-1957
24059,477,361,116
24060,18160,1072,17088
24061,0,263,-263
24064,1814,1037,777
24065,2698,1024,1674
24066,2045,259,1786
24067,842,3815,-2973
24069,691,5999,-5308
24070,580,722,-142
24072,450,1044,-594
24073,12661,345,12316
24076,478,576,-98
24077,452,1238,-786
24078,2852,12,2840
24079,772,1631,-859
24082,217,293,-76
24083,1370,2848,-1478
24084,4402,138,4264
24085,1087,321,766
24086,80,878,-798
24087,1610,496,1114
24088,1635,434,1201
24089,1291,846,445
24090,1974,1536,438
24091,3387,8033,-4646
24092,1263,2238,-975
24093,39,3667,-3628
24095,1741,658,1083
24101,2382,1843,539
24102,630,517,113
24104,1301,239,1062
24105,211,443,-232
24112,12697,5971,6726
24120,815,2492,-1677
24121,4711,1801,2910
24122,595,504,91
24124,1834,255,1579
24127,1576,1827,-251
24128,842,2540,-1698
24129,102,410,-308
24131,45,687,-642
24132,209,139,70
24133,924,636,288
24134,2230,951,1279
24136,1267,1496,-229
24137,1356,5483,-4127
24138,568,15436,-14868
24139,392,29,363
24141,8747,67,8680
24142,0,92,-92
24147,421,22,399
24148,3143,3604,-461
24149,1446,1485,-39
24150,310,2697,-2387
24151,7580,6077,1503
24153,14924,789,14135
24161,128,1182,-1054
24162,886,121,765
24165,573,33,540
24167,65,927,-862
24168,97,393,-296
24171,3710,553,3157
24174,1155,919,236
24175,2980,2542,438
24176,547,57,490
24179,8052,1044,7008
24184,1629,168,1461
24185,326,5751,-5425
24201,6806,132,6674
24202,5212,194,5018
24210,7299,369,6930
24211,4204,552,3652
24216,1019,128,891
24217,122,649,-527
24219,4018,844,3174
24220,301,475,-174
24221,275,740,-465
24224,2194,383,1811
24225,911,236,675
24226,613,165,448
24228,2424,3835,-1411
24230,2914,597,2317
24236,1228,1839,-611
24237,388,300,88
24239,24,486,-462
24243,637,141,496
24244,1947,1204,743
24245,341,116,225
24246,103,10511,-10408
24248,1072,16039,-14967
24250,467,7877,-7410
24251,3324,3971,-647
24256,1336,2367,-1031
24258,559,935,-376
24260,2082,4153,-2071
24263,2356,3806,-1450
24265,354,7909,-7555
24266,3551,552,2999
24269,139,1193,-1054
24270,160,1284,-1124
24271,1140,600,540
24272,291,498,-207
24273,2354,3737,-1383
24277,1883,692,1191
24279,1656,57,1599
24280,272,1741,-1469
24281,795,25,770
24282,228,13324,-13096
24283,843,12636,-11793
24290,775,1905,-1130
24292,173,2593,-2420
24293,3710,7929,-4219
24301,5903,817,5086
24311,692,1312,-620
24312,701,922,-221
24313,282,1360,-1078
24314,588,3499,-2911
24315,1235,2797,-1562
24316,13,220,-207
24317,1530,2381,-851
24318,199,464,-265
24319,2547,627,1920
24322,23,410,-387
24323,417,0,417
24324,976,824,152
24325,579,6541,-5962
24326,427,1509,-1082
24327,0,1940,-1940
24328,947,369,578
24330,1180,566,614
24333,7281,192,7089
24340,2201,0,2201
24343,3420,2261,1159
24347,752,3648,-2896
24348,1649,929,720
24350,602,3114,-2512
24351,255,5897,-5642
24352,429,730,-301
24354,6112,607,5505
24360,2352,56,2296
24361,1832,386,1446
24363,553,813,-260
24366,187,152,35
24368,1945,14,1931
24370,2504,360,2144
24374,299,490,-191
24375,725,168,557
24377,159,3576,-3417
24378,417,152,265
24380,1179,135,1044
24381,1247,2892,-1645
24382,6532,46,6486
24401,16220,302,15918
24411,3,3052,-3049
24412,106,1267,-1161
24413,114,384,-270
24415,13,76,-63
24416,3612,2980,632
24421,1485,771,714
24422,2377,235,2142
24426,5839,272,5567
24430,694,1419,-725
24431,1039,1740,-701
24432,170,2418,-2248
24433,30,248,-218
24435,783,1175,-392
24437,581,2522,-1941
24439,532,1379,-847
24440,1046,184,862
24441,2557,8982,-6425
24442,36,492,-456
24445,1071,70,1001
24448,177,255,-78
24450,5689,140,5549
24457,138,110,28
24458,152,34,118
24459,257,110,147
24460,506,77,429
24464,107,74,33
24465,585,247,338
24467,975,346,629
24469,0,74,-74
24471,698,147,551
24472,873,13021,-12148
24473,300,962,-662
24474,170,1502,-1332
24476,99,235,-136
24477,4541,157,4384
24479,746,178,568
24482,1846,210,1636
24483,365,33,332
24484,242,334,-92
24485,180,577,-397
24486,1144,261,883
24487,171,235,-64
24501,10063,146,9917
24502,16688,571,16117
24503,7922,416,7506
24504,3977,66,3911
24515,0,75,-75
24517,2004,164,1840
24520,990,261,729
24521,3920,553,3367
24522,3698,62,3636
24523,8358,637,7721
24526,624,67,557
24527,1128,72,1056
24528,1471,86,1385
24529,623,54,569
24530,462,155,307
24531,3297,295,3002
24534,649,141,508
24536,77,338,-261
24538,1971,154,1817
24539,170,336,-166
24540,13311,219,13092
24541,12350,133,12217
24549,1589,204,1385
24550,2825,40,2785
24551,10155,81,10074
24553,867,725,142
24554,1430,191,1239
24555,984,1232,-248
24556,1138,112,1026
24557,3477,271,3206
24558,2547,243,2304
24562,226,1094,-868
24563,2240,145,2095
24565,402,265,137
24566,531,61,470
24569,295,221,74
24570,0,197,-197
24571,851,152,699
24572,6488,37,6451
24574,1602,87,1515
24577,1909,662,1247
24578,345,92,253
24579,436,53,383
24580,309,4101,-3792
24581,0,1742,-1742
24586,1911,192,1719
24588,3873,280,3593
24589,892,677,215
24590,2997,191,2806
24592,5246,136,5110
24593,951,346,605
24594,661,131,530
24595,64,609,-545
24597,342,186,156
24598,517,305,212
24599,280,582,-302
24601,0,590,-590
24602,281,220,61
24603,282,180,102
24604,104,626,-522
24605,3585,478,3107
24606,59,1665,-1606
24607,116,102,14
24609,2484,44,2440
24612,98,1473,-1375
24613,234,520,-286
24614,2760,2057,703
24620,730,75,655
24622,284,485,-201
24630,2481,189,2292
24631,628,344,284
24634,166,1235,-1069
24635,187,82,105
24637,1302,2368,-1066
24639,1302,321,981
24641,2317,84,2233
24646,394,1062,-668
24649,782,103,679
24651,2105,95,2010
24656,987,85,902
24657,135,516,-381
24701,7826,432,7394
24712,672,1981,-1309
24714,119,244,-125
24715,117,130,-13
24716,144,29,115
24719,27,337,-310
24724,53,66,-13
24726,171,127,44
24729,45,193,-148
24731,40,397,-357
24733,98,713,-615
24736,279,582,-303
24737,442,180,262
24738,0,502,-502
24739,5700,186,5514
24740,6838,658,6180
24747,1382,152,1230
24801,1274,2352,-1078
24808,217,134,83
24811,234,13,221
24813,0,242,-242
24815,158,52,106
24816,0,1773,-1773
24817,543,114,429
24818,366,97,269
24822,492,198,294
24823,203,248,-45
24826,8,174,-166
24827,496,76,420
24828,248,654,-406
24830,51,4101,-4050
24831,96,508,-412
24834,298,857,-559
24836,232,4821,-4589
24839,356,259,97
24843,31,108,-77
24844,394,473,-79
24845,116,615,-499
24846,104,187,-83
24847,51,383,-332
24848,47,250,-203
24849,142,34,108
24850,0,48,-48
24851,183,91,92
24853,150,130,20
24854,263,93,170
24855,53,185,-132
24857,347,223,124
24860,48,217,-169
24861,48,195,-147
24862,219,290,-71
24866,258,213,45
24867,58,0,58
24868,464,310,154
24869,161,238,-77
24870,564,77,487
24871,177,495,-318
24872,292,189,103
24873,197,294,-97
24874,915,1386,-471
24878,113,417,-304
24879,181,351,-170
24880,102,10,92
24881,110,1561,-1451
24882,386,222,164
24884,12,311,-299
24887,0,206,-206
24888,32,874,-842
24892,448,147,301
24894,119,447,-328
24895,29,132,-103
24898,83,172,-89
24901,4225,3496,729
24910,1665,50,1615
24915,192,131,61
24916,261,115,146
24918,534,308,226
24920,83,57,26
24924,278,2092,-1814
24925,276,72,204
24927,133,137,-4
24931,473,176,297
24934,156,578,-422
24935,170,198,-28
24938,609,992,-383
24941,382,171,211
24943,39,125,-86
24944,153,149,4
24945,124,10358,-10234
24946,362,59,303
24951,630,777,-147
24954,1142,0,1142
24957,213,0,213
24962,34,446,-412
24963,1279,265,1014
24966,512,239,273
24970,1897,16,1881
24974,101,443,-342
24976,407,60,347
24977,193,113,80
24981,249,72,177
24983,814,191,623
24984,50,317,-267
24985,115,506,-391
24986,2165,47,2118
24991,282,2079,-1797
24993,28,227,-199
25002,0,663,-663
25003,901,278,623
25005,78,752,-674
25007,168,621,-453
25008,86,326,-240
25009,389,210,179
25011,251,298,-47
25015,1502,241,1261
25019,150,1218,-1068
25021,182,164,18
25022,53,333,-280
25024,205,683,-478
25025,5,248,-243
25028,161,696,-535
25030,96,128,-32
25031,427,479,-52
25033,681,137,544
25035,229,669,-440
25036,67,390,-323
25039,244,234,10
25040,219,333,-114
25043,504,343,161
25044,74,3706,-3632
25045,1480,781,699
25047,56,2955,-2899
25048,64,165,-101
25049,123,599,-476
25051,73,227,-154
25053,1496,1589,-93
25054,48,7009,-6961
25057,66,3274,-3208
25059,95,4104,-4009
25060,91,0,91
25061,200,2764,-2564
25062,108,5377,-5269
25063,659,4868,-4209
25064,4358,5988,-1630
25067,340,5460,-5120
25070,665,6826,-6161
25071,4406,1465,2941
25075,335,2795,-2460
25076,71,6162,-6091
25081,541,4584,-4043
25082,686,7968,-7282
25083,150,4099,-3949
25085,290,5225,-4935
25086,302,2899,-2597
25088,93,6649,-6556
25090,99,3681,-3582
25093,56,1547,-1491
25102,116,817,-701
25103,53,4678,-4625
25106,312,5277,-4965
25107,183,3902,-3719
25108,146,3123,-2977
25109,258,158,100
25110,240,61,179
25111,163,1273,-1110
25112,0,203,-203
25113,185,2543,-2358
25114,92,654,-562
25115,57,2342,-2285
25118,206,202,4
25119,143,513,-370
25121,367,466,-99
25123,1128,452,676
25124,608,200,408
25125,343,5224,-4881
25126,194,144,50
25130,1204,1780,-576
25132,137,519,-382
25133,284,3808,-3524
25134,104,1964,-1860
25136,670,427,243
25139,66,533,-467
25140,392,1455,-1063
25141,70,930,-860
25142,98,747,-649
25143,3744,578,3166
25148,145,314,-169
25149,56,1131,-1075
25152,186,1339,-1153
25154,252,8082,-7830
25156,12,482,-470
25159,1571,2445,-874
25160,170,143,27
25161,154,1193,-1039
25162,131,655,-524
25164,395,76,319
25165,284,3692,-3408
25168,1372,1772,-400
25169,144,484,-340
25173,99,3679,-3580
25174,96,746,-650
25177,9604,630,8974
25180,109,828,-719
25181,461,3158,-2697
25183,35,522,-487
25185,0,218,-218
25186,404,480,-76
25187,350,2731,-2381
25193,184,1000,-816
25201,32,365,-333
25202,455,2540,-2085
25203,24,320,-296
25204,27,404,-377
25205,49,469,-420
25206,60,217,-157
25208,274,330,-56
25209,278,1123,-845
25211,21,99,-78
25213,2445,518,1927
25214,238,185,53
25231,0,328,-328
25234,351,427,-76
25235,411,404,7
25239,580,661,-81
25241,603,388,215
25243,252,538,-286
25244,198,218,-20
25245,350,119,231
25247,196,402,-206
25248,1456,343,1113
25251,214,381,-167
25252,460,305,155
25253,803,236,567
25259,258,557,-299
25260,614,265,349
25261,27,57,-30
25262,444,2498,-2054
25264,194,316,-122
25265,665,321,344
25266,230,2724,-2494
25267,241,501,-260
25268,239,83,156
25270,312,918,-606
25271,3528,370,3158
25275,664,798,-134
25276,3087,175,2912
25285,215,79,136
25286,570,389,181
25287,271,20,251
25301,1365,36,1329
25302,6343,10831,-4488
25303,3178,3500,-322
25304,3508,2155,1353
25305,0,6654,-6654
25306,2812,9100,-6288
25309,5527,14185,-8658
25311,4836,50,4786
25312,3979,65,3914
25313,5051,869,4182
25314,6539,2377,4162
25315,1438,180,1258
25320,1968,224,1744
25387,2210,209,2001
25401,6095,836,5259
25403,5565,976,4589
25404,8821,76,8745
25405,5446,1150,4296
25411,4892,502,4390
25413,2951,1643,1308
25414,7437,154,7283
25419,4748,135,4613
25420,2018,221,1797
25421,34,2974,-2940
25422,660,306,354
25425,5247,351,4896
25427,6110,619,5491
25428,5288,212,5076
25430,2791,144,2647
25431,155,176,-21
25432,38,230,-192
25434,923,57,866
25437,110,365,-255
25438,2558,28,2530
25442,841,196,645
25443,2625,114,2511
25444,91,103,-12
25446,331,545,-214
25501,543,195,348
25502,240,54,186
25503,274,254,20
25504,5105,480,4625
25505,139,168,-29
25506,1904,87,1817
25507,402,335,67
25508,3639,178,3461
25510,2026,2640,-614
25511,229,1094,-865
25512,408,4642,-4234
25514,1480,189,1291
25515,639,112,527
25517,642,175,467
25520,744,78,666
25521,347,18,329
25523,1006,37,969
25524,1016,188,828
25526,8802,109,8693
25529,336,52,284
25530,2655,763,1892
25534,98,1834,-1736
25535,866,121,745
25537,607,829,-222
25540,156,83,73
25541,4503,181,4322
25544,31,51,-20
25545,1550,9,1541
25547,168,460,-292
25550,3775,50,3725
25555,716,2574,-1858
25557,691,278,413
25559,696,1659,-963
25560,2979,549,2430
25564,393,432,-39
25565,291,132,159
25567,295,929,-634
25570,1654,60,1594
25571,752,244,508
25573,165,265,-100
25601,1964,438,1526
25606,398,788,-390
25607,345,178,167
25608,309,124,185
25611,406,18417,-18011
25612,197,186,11
25617,63,763,-700
25621,724,283,441
25624,212,1147,-935
25625,350,2066,-1716
25628,200,1017,-817
25630,124,170,-46
25632,192,3012,-2820
25634,566,1253,-687
25635,465,388,77
25637,530,861,-331
25638,227,7116,-6889
25639,174,2747,-2573
25644,191,462,-271
25646,284,747,-463
25647,114,36,78
25649,523,1123,-600
25650,15,634,-619
25651,244,9415,-9171
25652,469,3430,-2961
25653,54,192,-138
25654,37,184,-147
25661,2150,12334,-10184
25666,71,7633,-7562
25667,195,5228,-5033
25669,359,560,-201
25670,1378,404,974
25671,528,246,282
25672,171,351,-180
25674,734,38,696
25676,397,67,330
25678,577,957,-380
25685,179,1801,-1622
25688,111,314,-203
25690,198,912,-714
25692,542,89,453
25696,512,1025,-513
25699,24,2366,-2342
25701,9710,304,9406
25702,3222,14,3208
25703,2148,3551,-1403
25704,6154,1228,4926
25705,8939,447,8492
25755,6,181,-175
25801,12688,3327,9361
25810,28,527,-499
25811,15,338,-323
25812,563,2144,-1581
25813,2652,1415,1237
25817,140,163,-23
25818,196,709,-513
25820,187,2347,-2160
25823,245,786,-541
25825,1057,2514,-1457
25826,122,7484,-7362
25827,776,246,530
25831,626,71,555
25832,1757,1419,338
25836,434,1277,-843
25837,140,371,-231
25839,305,63,242
25840,2989,72,2917
25841,152,186,-34
25843,397,911,-514
25844,524,186,338
25845,131,82,49
25846,41,37,4
25848,35,60,-25
25849,262,611,-349
25851,0,11,-11
25853,42,116,-74
25854,431,162,269
25855,46,5735,-5689
25857,15,1897,-1882
25862,85,1328,-1243
25864,0,214,-214
25865,548,376,172
25866,121,46,75
25868,178,572,-394
25870,52,1216,-1164
25871,429,92,337
25873,434,301,133
25875,266,67,199
25876,26,125,-99
25878,539,36,503
25879,40,406,-366
25880,2093,345,1748
25882,745,165,580
25901,4312,348,3964
25902,102,254,-152
25904,281,193,88
25907,21,248,-227
25908,20,752,-732
25909,248,15,233
25911,96,703,-607
25913,121,154,-33
25915,84,1445,-1361
25916,61,1791,-1730
25917,627,58,569
25918,1896,339,1557
25920,82,207,-125
25921,1242,418,824
25922,68,81,-13
25928,196,13,183
25932,113,12333,-12220
25936,4,307,-303
25938,545,279,266
25942,53,245,-192
25943,0,167,-167
25951,2443,32,2411
25958,251,5609,-5358
25962,1369,541,828
25966,35,542,-507
25969,564,229,335
25971,598,59,539
25972,101,198,-97
25976,997,161,836
25977,0,340,-340
25978,174,825,-651
25979,285,63,222
25981,254,43,211
25984,665,1166,-501
25985,154,4346,-4192
25986,113,88,25
25989,62,1298,-1236
26003,17383,58,17325
26030,249,227,22
26031,727,269,458
26032,207,594,-387
26033,695,283,412
26034,2206,294,1912
26035,726,1636,-910
26036,117,227,-110
26037,2712,1518,1194
26038,1281,1062,219
26039,182,155,27
26040,628,550,78
26041,5989,1019,4970
26047,2390,515,1875
26050,691,256,435
26055,463,165,298
26056,109,1390,-1281
26058,28,2816,-2788
26059,1115,352,763
26060,652,108,544
26062,9382,219,9163
26070,3669,203,3466
26074,180,525,-345
26075,275,2496,-2221
26101,11914,135,11779
26104,7488,2570,4918
26105,5168,75,5093
26133,457,28,429
26134,271,300,-29
26136,134,114,20
26137,248,376,-128
26138,91,84,7
26141,117,1392,-1275
26142,914,419,495
26143,1574,596,978
26146,344,351,-7
26147,701,3723,-3022
26148,88,1595,-1507
26149,735,7556,-6821
26150,2353,14053,-11700
26151,281,11095,-10814
26152,16,601,-585
26155,2809,308,2501
26159,946,102,844
26160,396,1987,-1591
26161,221,265,-44
26162,0,2425,-2425
26164,2997,1160,1837
26167,395,1090,-695
26169,303,109,194
26170,2185,1024,1161
26175,1198,16999,-15801
26178,86,539,-453
26180,791,36,755
26181,2473,282,2191
26184,862,141,721
26187,2590,242,2348
26201,7777,1151,6626
26202,174,772,-598
26203,190,59,131
26205,1289,219,1070
26206,928,378,550
26208,308,108,200
26209,79,428,-349
26210,0,1925,-1925
26215,44,268,-224
26217,36,0,36
26218,1065,206,859
26222,71,1072,-1001
26224,107,275,-168
26228,0,657,-657
26230,59,2132,-2073
26234,565,403,162
26236,8,85,-77
26237,205,104,101
26238,468,38,430
26241,5252,260,4992
26250,1694,249,1445
26253,1268,450,818
26254,56,1255,-1199
26257,298,235,63
26259,51,104,-53
26260,588,126,462
26261,1183,213,970
26263,99,81,18
26264,241,4093,-3852
26266,0,153,-153
26267,195,118,77
26268,18,393,-375
26269,436,229,207
26270,217,384,-167
26271,186,700,-514
26273,277,127,150
26275,222,598,-376
26276,260,0,260
26278,299,226,73
26280,560,160,400
26282,61,2182,-2121
26283,618,453,165
26285,106,180,-74
26287,1122,827,295
26288,1337,1075,262
26289,42,274,-232
26291,45,267,-222
26292,255,504,-249
26293,193,1074,-881
26294,244,64,180
26296,36,353,-317
26298,34,5525,-5491
26301,11588,95,11493
26320,253,342,-89
26321,100,501,-401
26323,231,317,-86
26325,86,2423,-2337
26327,42,410,-368
26330,6108,2776,3332
26335,579,311,268
26337,368,713,-345
26338,235,1758,-1523
26339,42,240,-198
26342,179,415,-236
26343,186,564,-378
26346,205,280,-75
26347,759,1224,-465
26348,159,360,-201
26349,58,77,-19
26351,1026,745,281
26354,3965,212,3753
26361,11,320,-309
26362,1080,205,875
26366,24,261,-237
26369,259,98,161
26372,326,891,-565
26374,673,2210,-1537
26376,168,222,-54
26377,297,2645,-2348
26378,1676,661,1015
26384,194,417,-223
26385,1297,255,1042
26386,1041,115,926
26404,120,423,-303
26405,392,293,99
26408,888,5627,-4739
26410,324,744,-420
26411,233,1178,-945
26412,159,2193,-2034
26415,946,9815,-8869
26416,2915,2414,501
26419,223,315,-92
26421,65,722,-657
26422,173,3839,-3666
26424,13,3063,-3050
26425,403,1498,-1095
26426,2388,2447,-59
26430,115,7180,-7065
26431,2268,828,1440
26435,32,4378,-4346
26436,82,1068,-986
26437,170,4348,-4178
26438,63,1800,-1737
26440,472,10088,-9616
26443,101,15843,-15742
26444,1383,4252,-2869
26447,502,3175,-2673
26448,463,250,213
26451,194,2491,-2297
26452,3772,3675,97
26456,1130,1010,120
26463,105,376,-271
26501,8846,3435,5411
26505,15859,1602,14257
26506,0,2768,-2768
26508,15203,4370,10833
26519,708,1317,-609
26520,281,1052,-771
26521,60,5227,-5167
26524,72,7912,-7840
26525,2017,14877,-12860
26534,420,12837,-12417
26537,2409,15143,-12734
26541,1571,18218,-16647
26542,821,16793,-15972
26543,108,0,108
26544,20,0,20
26546,12,13767,-13755
26547,1107,22,1085
26554,17687,8420,9267
26559,628,12436,-11808
26560,40,1411,-1371
26562,226,739,-513
26563,110,1259,-1149
26568,239,595,-356
26570,1217,4047,-2830
26571,634,17675,-17041
26572,111,13709,-13598
26574,164,1521,-1357
26575,319,730,-411
26576,394,1333,-939
26581,372,1691,-1319
26582,1597,3814,-2217
26585,197,720,-523
26586,37,1604,-1567
26587,121,4339,-4218
26588,1286,1771,-485
26590,298,4980,-4682
26591,610,756,-146
26601,1211,11411,-10200
26610,276,2470,-2194
26611,48,8480,-8432
26615,15,9361,-9346
26617,40,8566,-8526
26619,156,18273,-18117
26621,263,9310,-9047
26623,412,939,-527
26624,1108,6336,-5228
26627,100,1341,-1241
26629,118,20708,-20590
26631,88,9964,-9876
26636,173,676,-503
26638,65,15614,-15549
26651,3631,14836,-11205
26656,121,3962,-3841
26660,175,1911,-1736
26662,220,3528,-3308
26667,29,10699,-10670
26671,198,673,-475
26676,128,2598,-2470
26678,510,2233,-1723
26679,564,1361,-797
26680,156,8181,-8025
26681,561,2673,-2112
26684,134,504,-370
26690,260,813,-553
26691,144,2572,-2428
26704,1761,6601,-4840
26705,252,15799,-15547
26707,93,2557,-2464
26710,824,1621,-797
26711,943,14300,-13357
26714,167,10591,-10424
26716,318,26,292
26717,357,2196,-1839
26719,960,646,314
26720,46,6447,-6401
26722,119,2356,-2237
26726,5039,2586,2453
26731,137,901,-764
26739,330,1193,-863
26743,645,2867,-2222
26750,296,5203,-4907
26753,2233,18368,-16135
26755,170,5585,-5415
26757,2442,2979,-537
26761,325,4088,-3763
26763,439,3041,-2602
26764,1781,1804,-23
26767,200,7793,-7593
26801,456,7508,-7052
26802,390,17794,-17404
26804,169,21620,-21451
26807,845,18941,-18096
26808,232,7999,-7767
26810,227,7433,-7206
26812,681,22557,-21876
26814,168,11757,-11589
26815,259,6282,-6023
26817,196,10220,-10024
26818,428,1219,-791
26823,58,5681,-5623
26833,888,1919,-1031
26836,2629,603,2026
26838,20,668,-648
26845,280,1319,-1039
26847,2249,7082,-4833
26851,825,12719,-11894
26852,358,15902,-15544
26855,257,10616,-10359
26865,143,13420,-13277
26866,262,10540,-10278
26884,98,7659,-7561
26886,84,12967,-12883
27006,6176,13852,-7676
27007,819,2274,-1455
27009,1191,4319,-3128
27011,2273,3610,-1337
27012,11171,4277,6894
27013,2307,5365,-3058
27014,301,14328,-14027
27016,761,5749,-4988
27017,3328,15511,-12183
27018,3018,15858,-12840
27019,1668,0,1668
27020,2373,12903,-10530
27021,7243,6118,1125
27022,473,9002,-8529
27023,4766,6688,-1922
27024,1085,9455,-8370
27025,4357,1573,2784
27027,1872,3188,-1316
27028,9757,1472,8285
27030,14784,8408,6376
27040,4653,6377,-1724
27041,3294,9525,-6231
27042,96,832,-736
27043,2532,703,1829
27045,4102,177,3925
27046,1148,136,1012
27047,459,2184,-1725
27048,3227,900,2327
27050,1609,9331,-7722
27051,3021,703,2318
27052,4110,1669,2441
27053,1365,9713,-8348
27054,876,204,672
27055,5223,2600,2623
27101,9266,1281,7985
27103,16075,2625,13450
27104,13310,4240,9070
27105,14900,5784,9116
27106,19076,6300,12776
27107,18438,8519,9919
27109,0,1177,-1177
27110,0,43,-43
27127,16190,2773,13417
27201,39,18526,-18487
27202,26,3174,-3148
27203,9025,7600,1425
27205,13886,5238,8648
27207,1338,5677,-4339
27208,612,8511,-7899
27209,1386,3153,-1767
27212,459,17538,-17079
27213,52,16550,-16498
27214,5042,2592,2450
27215,19186,17035,2151
27217,14131,8086,6045
27229,918,4726,-3808
27231,992,14370,-13378
27233,1193,22475,-21282
27235,1894,16153,-14259
27239,3362,17431,-14069
27242,611,11519,-10908
27243,2042,17276,-15234
27244,4942,15746,-10804
27247,64,6617,-6553
27248,1197,8956,-7759
27249,5173,15875,-10702
27252,644,13285,-12641
27253,13127,18429,-5302
27256,67,19120,-19053
27258,2713,238,2475
27259,35,7629,-7594
27260,9407,20596,-11189
27262,9010,8197,813
27263,8580,8692,-112
27265,20559,12103,8456
27268,0,1441,-1441
27278,11338,976,10362
27281,1303,2369,-1066
27282,6089,1034,5055
27283,1212,1704,-492
27284,22910,1737,21173
27288,9866,1064,8802
27291,628,255,373
27292,16550,705,15845
27295,15647,912,14735
27298,4094,2948,1146
27299,1706,715,991
27301,3811,188,3623
27302,12915,1100,11815
27305,779,110,669
27306,2304,3292,-988
27310,2824,2729,95
27311,1261,663,598
27312,9505,23,9482
27313,2582,298,2284
27314,304,31,273
27315,751,3354,-2603
27316,2738,860,1878
27317,6686,1984,4702
27320,16033,1480,14553
27325,2538,1156,1382
27326,1311,21469,-20158
27330,15002,2212,12790
27332,12181,1299,10882
27340,15,157,-142
27341,1764,27,1737
27342,22,620,-598
27343,549,506,43
27344,6718,1215,5503
27349,2492,941,1551
27350,2424,1145,1279
27351,68,308,-240
27355,886,684,202
27356,875,3042,-2167
27357,3551,2106,1445
27358,5328,1016,4312
27360,18108,234,17874
27370,5392,2300,3092
27371,2873,6067,-3194
27374,115,566,-451
27376,3480,21251,-17771
27377,3738,1035,2703
27379,1887,48,1839
27401,7590,367,7223
27403,7815,4367,3448
27405,19497,1828,17669
27406,24710,678,24032
27407,21662,322,21340
27408,7575,823,6752
27409,8076,11340,-3264
27410,24349,1654,22695
27411,0,126,-126
27412,0,153,-153
27455,11726,1852,9874
27501,8076,204,7872
27502,15795,661,15134
27503,1385,724,661
27504,5867,107,5760
27505,2915,1237,1678
27506,0,26,-26
27507,689,3016,-2327
27508,864,1334,-470
27509,1547,379,1168
27510,6571,415,6156
27511,13201,8376,4825
27513,19076,807,18269
27514,9883,11174,-1291
27516,16400,974,15426
27517,11222,2081,9141
27518,8245,5932,2313
27519,21393,15850,5543
27520,16241,7808,8433
27521,2581,767,1814
27522,4768,14533,-9765
27523,5509,4437,1072
27524,5027,351,4676
27525,5512,163,5349
27526,19654,427,19227
27527,10959,362,10597
27529,19786,414,19372
27530,15530,1782,13748
27531,42,379,-337
27533,0,149,-149
27534,13130,1125,12005
27536,5923,1601,4322
27537,8662,676,7986
27539,8801,372,8429
27540,13875,863,13012
27541,1475,492,983
27542,3883,5119,-1236
27544,1725,565,1160
27545,11911,502,11409
27546,6880,1465,5415
27549,9258,553,8705
27551,837,1133,-296
27553,640,231,409
27555,216,335,-119
27556,87,248,-161
27557,2595,4907,-2312
27559,1183,652,531
27560,14806,474,14332
27562,1287,4857,-3570
27563,2119,3214,-1095
27565,9308,853,8455
27568,560,456,104
27569,3342,2760,582
27570,30,123,-93
27571,2751,551,2200
27572,2876,3420,-544
27573,4627,1226,3401
27574,5945,286,5659
27576,7017,2779,4238
27577,9333,236,9097
27581,1244,271,973
27582,101,450,-349
27583,2767,110,2657
27584,100,163,-63
27587,27840,1431,26409
27589,2628,26,2602
27591,8378,465,7913
27592,6017,471,5546
27593,0,1199,-1199
27594,55,85,-30
27596,6978,652,6326
27597,9981,665,9316
27599,0,736,-736
27601,4371,38,4333
27603,21127,3676,17451
27604,18100,108,17992
27605,3624,546,3078
27606,18835,10345,8490
27607,8861,435,8426
27608,5113,270,4843
27609,16399,458,15941
27610,26086,8270,17816
27612,18460,4988,13472
27613,17505,0,17505
27614,12785,2605,10180
27615,18865,38,18827
27616,20907,980,19927
27617,9500,5099,4401
27695,0,5471,-5471
27697,0,17738,-17738
27701,10712,20190,-9478
27703,23944,9895,14049
27704,15865,1306,14559
27705,21130,916,20214
27707,21279,6572,14707
27708,0,5027,-5027
27709,0,7055,-7055
27712,9103,45,9058
27713,23585,2951,20634
27801,6893,8980,-2087
27803,8534,12221,-3687
27804,12195,14111,-1916
27805,1354,11958,-10604
27806,933,1252,-319
27807,2194,457,1737
27808,934,1975,-1041
27809,1781,5416,-3635
27810,1693,332,1361
27812,1146,137,1009
27813,301,19520,-19219
27814,613,10748,-10135
27815,0,2866,-2866
27816,1298,9410,-8112
27817,3023,9337,-6314
27818,559,10208,-9649
27819,128,1341,-1213
27820,859,30,829
27821,64,3135,-3071
27822,3259,1021,2238
27823,2651,14698,-12047
27824,537,2282,-1745
27825,33,1539,-1506
27826,232,254,-22
27827,81,32,49
27828,3697,3781,-84
27829,758,9674,-8916
27830,1730,14900,-13170
27831,1423,2539,-1116
27832,919,13,906
27834,24304,57,24247
27837,2379,17415,-15036
27839,1420,9126,-7706
27840,125,2705,-2580
27841,15,11985,-11970
27842,790,12965,-12175
27843,324,1054,-730
27844,1269,8077,-6808
27845,838,2348,-1510
27846,1162,962,200
27847,355,2719,-2364
27849,506,2697,-2191
27850,3040,2286,754
27851,1857,1156,701
27852,1148,3845,-2697
27853,185,1547,-1362
27855,2136,1122,1014
27856,6104,3834,2270
27857,545,7783,-7238
27858,22504,9433,13071
27860,493,10733,-10240
27861,44,8941,-8897
27862,319,11122,-10803
27863,4512,9550,-5038
27864,1834,1091,743
27865,805,1522,-717
27866,229,1988,-1759
27869,716,5102,-4386
27870,10227,3275,6952
27871,1766,977,789
27872,147,4099,-3952
27873,135,67,68
27874,1861,4546,-2685
27875,105,13978,-13873
27876,527,2612,-2085
27877,5,5498,-5493
27878,497,6027,-5530
27879,125,2486,-2361
27880,1591,18528,-16937
27881,8,3969,-3961
27882,3081,3550,-469
27883,1304,13041,-11737
27884,412,9997,-9585
27885,518,19483,-18965
27886,7799,12002,-4203
27888,749,14919,-14170
27889,10532,13809,-3277
27890,883,12437,-11554
27891,1754,19380,-17626
27892,5494,17653,-12159
27893,15756,9492,6264
27896,8042,15546,-7504
27897,565,18527,-17962
27909,15079,0,15079
27910,4526,13979,-9453
27915,299,27112,-26813
27916,400,12247,-11847
27917,236,12016,-11780
27919,392,23589,-23197
27920,603,7465,-6862
27921,1852,0,1852
27922,285,0,285
27923,274,6601,-6327
27924,1171,12636,-11465
27925,1281,15038,-13757
27926,621,2857,-2236
27927,609,14409,-13800
27928,813,4919,-4106
27929,1055,14,1041
27932,5583,0,5583
27935,643,13021,-12378
27936,381,6937,-6556
27937,1239,21121,-19882
27938,651,4887,-4236
27939,1168,1848,-680
27941,243,3778,-3535
27942,259,1059,-800
27943,243,213,30
27944,5059,5384,-325
27946,630,5742,-5112
27947,445,10139,-9694
27948,5365,156,5209
27949,3288,144,3144
27950,817,4403,-3586
27953,385,9704,-9319
27954,2742,4146,-1404
27956,47,1889,-1842
27957,555,2639,-2084
27958,4106,3902,204
27959,1521,1684,-163
27960,352,68,284
27962,3018,630,2388
27964,283,1014,-731
27965,221,4728,-4507
27966,361,300,61
27967,268,12018,-11750
27968,99,1234,-1135
27969,69,71,-2
27970,1320,1524,-204
27972,76,9391,-9315
27973,520,1776,-1256
27974,320,1110,-790
27976,1519,13588,-12069
27978,98,4766,-4668
27979,333,474,-141
27980,827,5401,-4574
27981,719,6523,-5804
27982,13,1800,-1787
27983,2987,58,2929
27985,95,803,-708
27986,442,2264,-1822
28001,10512,4045,6467
28006,483,891,-408
28007,337,6781,-6444
28009,410,36,374
28012,9973,12455,-2482
28016,5100,4259,841
28017,0,10367,-10367
28018,1855,2799,-944
28019,0,2559,-2559
28020,754,4113,-3359
28021,5501,1108,4393
28023,6097,1798,4299
28024,0,6546,-6546
28025,19802,7897,11905
28027,26077,1994,24083
28031,12479,531,11948
28032,1407,588,819
28033,1239,2275,-1036
28034,7011,869,6142
28036,7435,1018,6417
28037,9315,2795,6520
28039,11,779,-768
28040,2876,9915,-7039
28041,0,15520,-15520
28042,110,11863,-11753
28043,7944,12140,-4196
28052,13267,13374,-107
28054,16468,15358,1110
28056,13321,1366,11955
28071,1193,550,643
28072,271,2350,-2079
28073,2301,863,1438
28074,0,29,-29
28075,6247,3921,2326
28076,54,2603,-2549
28077,187,3267,-3080
28078,24667,653,24014
28079,13265,2542,10723
28080,2805,759,2046
28081,10269,2090,8179
28083,9129,565,8564
28086,9923,1060,8863
28088,943,849,94
28089,19,674,-655
28090,2631,653,1978
28091,758,1347,-589
28092,16008,494,15514
28097,2801,6672,-3871
28098,1546,1063,483
28101,437,2569,-2132
28102,27,555,-528
28103,3994,517,3477
28104,11445,783,10662
28105,16483,876,15607
28107,2795,11739,-8944
28108,40,398,-358
28109,155,1588,-1433
28110,17949,817,17132
28112,9940,754,9186
28114,2821,1276,1545
28115,15567,3537,12030
28117,17736,2190,15546
28119,933,3175,-2242
28120,9291,6904,2387
28124,2087,5427,-3340
28125,991,3754,-2763
28127,2644,839,1805
28128,2694,3395,-701
28129,2311,4437,-2126
28133,929,4222,-3293
28134,4781,2072,2709
28135,1213,2933,-1720
28136,24,4085,-4061
28137,1074,7421,-6347
28138,3819,1874,1945
28139,7851,2179,5672
28144,10254,1004,9250
28146,12498,8820,3678
28147,9032,8341,691
28150,10975,831,10144
28152,9381,626,8755
28159,1086,302,784
28160,1887,1686,201
28163,1913,3878,-1965
28164,5875,884,4991
28166,3800,5097,-1297
28167,955,3094,-2139
28168,3991,112,3879
28169,70,161,-91
28170,4279,1003,3276
28173,18899,1051,17848
28174,2666,162,2504
28202,8231,935,7296
28203,9821,957,8864
28204,5070,567,4503
28205,21826,194,21632
28206,5690,971,4719
28207,4134,3054,1080
28208,15641,485,15156
28209,11339,8963,2376
28210,20838,0,20838
28211,13019,95,12924
28212,16443,861,15582
28213,17674,5513,12161
28214,14430,17824,-3394
28215,21754,1467,20287
28216,22067,2180,19887
28217,11513,16365,-4852
28223,0,1532,-1532
28226,15871,5284,10587
28227,21672,104,21568
28244,0,147,-147
28262,19395,94,19301
28269,29853,1867,27986
28270,12623,364,12259
28273,16199,6519,9680
28274,0,11563,-11563
28277,27899,15279,12620
28278,11695,8319,3376
28280,0,1289,-1289
28282,0,2443,-2443
28301,7082,1006,6076
28303,13628,5165,8463
28304,14405,117,14288
28305,2908,170,2738
28306,15767,1974,13793
28307,4253,169,4084
28308,0,4287,-4287
28310,0,76,-76
28311,14139,674,13465
28312,7670,91,7579
28314,22089,4644,17445
28315,5072,1494,3578
28318,1547,2627,-1080
28320,3348,151,3197
28323,1539,140,1399
28325,183,9105,-8922
28326,7987,1669,6318
28327,7079,19472,-12393
28328,9072,11218,-2146
28330,139,2801,-2662
28331,16,1792,-1776
28332,243,657,-414
28333,3674,13066,-9392
28334,8669,2189,6480
28337,3524,3548,-24
28338,1566,415,1151
28339,2620,4574,-1954
28340,3561,8446,-4885
28341,1181,822,359
28342,26,178,-152
28343,602,1078,-476
28344,1379,760,619
28345,4387,453,3934
28347,431,4347,-3916
28348,13126,1121,12005
28349,1350,610,740
28350,107,690,-583
28351,1727,13965,-12238
28352,8453,893,7560
28355,0,596,-596
28356,2085,142,1943
28357,1025,53,972
28358,12576,7326,5250
28359,0,290,-290
28360,4696,2054,2642
28362,20,1388,-1368
28363,389,2211,-1822
28364,4860,603,4257
28365,5868,4365,1503
28366,1942,1966,-24
28367,50,2445,-2395
28368,42,1516,-1474
28369,845,578,267
28371,2044,18886,-16842
28372,3909,291,3618
28373,1043,59,984
28374,8517,363,8154
28375,64,4370,-4306
28376,14450,2641,11809
28377,4133,37,4096
28378,40,1716,-1676
28379,9524,21144,-11620
28382,2652,4239,-1587
28383,2658,10130,-7472
28384,3376,8469,-5093
28385,803,707,96
28386,1954,13,1941
28387,7120,252,6868
28390,8774,1048,7726
28391,2256,83,2173
28392,778,179,599
28393,751,191,560
28394,1906,1382,524
28395,822,1225,-403
28396,890,206,684
28398,2620,12,2608
28399,642,2200,-1558
28401,10529,2782,7747
28403,18092,1528,16564
28405,14638,12884,1754
28409,13476,1906,11570
28411,15156,916,14240
28412,17972,9447,8525
28420,1197,490,707
28421,599,772,-173
28422,3082,1155,1927
28423,889,677,212
28424,28,725,-697
28425,3821,3872,-51
28428,3092,1626,1466
28429,3366,638,2728
28430,807,3710,-2903
28431,2716,5292,-2576
28432,534,981,-447
28433,1617,1625,-8
28434,300,170,130
28435,792,8196,-7404
28436,520,2795,-2275
28438,518,108,410
28439,365,221,144
28441,1102,808,294
28442,567,5241,-4674
28443,8930,7862,1068
28444,872,3703,-2831
28445,3815,6760,-2945
28447,451,10230,-9779
28448,346,7316,-6970
28449,899,839,60
28450,817,177,640
28451,16081,2672,13409
28452,142,71,71
28453,1409,4548,-3139
28454,1019,2918,-1899
28455,893,3458,-2565
28456,1462,12,1450
28457,3996,1589,2407
28458,2114,1114,1000
28460,4755,4036,719
28461,9886,3009,6877
28462,5084,6385,-1301
28463,2490,29,2461
28464,877,12350,-11473
28465,3572,95,3477
28466,3588,390,3198
28467,5913,9334,-3421
28468,2407,590,1817
28469,3642,1859,1783
28470,4317,1067,3250
28472,6712,836,5876
28478,2023,260,1763
28479,2312,1161,1151
28480,1260,931,329
28501,7623,4816,2807
28504,8625,9,8616
28508,763,1487,-724
28509,0,12128,-12128
28510,682,4583,-3901
28511,264,2975,-2711
28512,1666,1673,-7
28513,3952,166,3786
28515,1152,2936,-1784
28516,5263,2636,2627
28518,2884,2623,261
28519,161,1198,-1037
28520,163,709,-546
28521,648,3120,-2472
28523,1022,3244,-2222
28524,92,444,-352
28525,1227,1076,151
28526,1194,499,695
28527,554,178,376
28528,233,3701,-3468
28529,760,4139,-3379
28530,3114,6898,-3784
28531,516,409,107
28532,7544,3073,4471
28533,0,515,-515
28537,20,3413,-3393
28538,855,9448,-8593
28539,6910,7624,-714
28540,18704,2142,16562
28542,74,1220,-1146
28543,1891,6340,-4449
28544,2364,13228,-10864
28546,18171,6706,11465
28547,1810,13452,-11642
28551,5259,8525,-3266
28552,87,8435,-8348
28553,180,15694,-15514
28554,47,2173,-2126
28555,2095,491,1604
28556,388,3542,-3154
28557,7223,1077,6146
28560,11276,7873,3403
28562,16453,405,16048
28570,8481,685,7796
28571,1219,2396,-1177
28572,2690,3667,-977
28573,721,943,-222
28574,6765,4122,2643
28575,75,639,-564
28577,83,559,-476
28578,1754,5821,-4067
28579,330,1355,-1025
28580,3832,9144,-5312
28581,52,946,-894
28582,697,597,100
28584,5864,1653,4211
28585,1470,5306,-3836
28586,2925,7049,-4124
28587,107,254,-147
28589,17,903,-886
28590,10234,1617,8617
28594,1764,3305,-1541
28601,21040,1822,19218
28602,11579,2062,9517
28604,3044,7955,-4911
28605,1840,105,1735
28606,661,1588,-927
28607,11820,1796,10024
28609,2425,280,2145
28610,4231,818,3413
28611,164,6901,-6737
28612,4759,3466,1293
28613,9098,1739,7359
28615,832,802,30
28616,21,1709,-1688
28617,825,2210,-1385
28618,965,5100,-4135
28619,184,38,146
28621,4017,11976,-7959
28622,1179,288,891
28623,642,3923,-3281
28624,591,1961,-1370
28625,14956,5806,9150
28626,1279,18423,-17144
28627,616,15114,-14498
28628,18,119,-101
28629,0,1202,-1202
28630,8033,5645,2388
28631,331,79,252
28634,1764,1126,638
28635,1342,594,748
28636,1655,274,1381
28637,675,1065,-390
28638,4470,6655,-2185
28640,2075,598,1477
28641,23,459,-436
28642,2327,1196,1131
28643,1626,7479,-5853
28644,616,540,76
28645,18366,1846,16520
28646,175,639,-464
28649,409,804,-395
28650,4499,11203,-6704
28651,2409,0,2409
28652,61,6385,-6324
28653,21,28,-7
28654,1344,2632,-1288
28655,21382,1025,20357
28657,3614,862,2752
28658,10524,3171,7353
28659,8849,1804,7045
28660,879,1307,-428
28662,30,2920,-2890
28663,298,419,-121
28664,74,3352,-3278
28665,1098,1085,13
28666,55,3567,-3512
28667,88,1848,-1760
28668,97,339,-242
28669,1263,641,622
28670,972,0,972
28671,121,2515,-2394
28672,64,15574,-15510
28673,2839,437,2402
28675,2849,5709,-2860
28676,1295,10881,-9586
28677,13841,3328,10513
28678,2171,4433,-2262
28679,891,913,-22
28681,9420,895,8525
28682,540,1694,-1154
28683,570,393,177
28684,859,1059,-200
28685,746,10021,-9275
28689,763,8248,-7485
28690,3928,3494,434
28692,2102,208,1894
28693,655,1383,-728
28694,3148,5514,-2366
28697,5771,8011,-2240
28698,1072,104,968
28701,1494,15296,-13802
28702,249,8251,-8002
28704,7799,11637,-3838
28705,2921,7831,-4910
28707,227,106,121
28708,110,0,110
28709,1075,12584,-11509
28710,0,16302,-16302
28711,5540,11812,-6272
28712,8588,20271,-11683
28713,3390,0,3390
28714,6775,14988,-8213
28715,10234,11408,-1174
28716,7432,6956,476
28717,637,8696,-8059
28718,192,6276,-6084
28719,2796,8412,-5616
28720,72,8090,-8018
28721,4365,220,4145
28722,2759,963,1796
28723,3208,3330,-122
28725,44,4997,-4953
28726,1311,80,1231
28729,1471,5116,-3645
28730,3140,87,3053
28731,3525,3083,442
28732,7084,52,7032
28733,45,1041,-996
28734,13268,238,13030
28735,121,4861,-4740
28736,444,1764,-1320
28739,9309,11,9298
28740,755,7772,-7017
28741,2163,7411,-5248
28742,1258,59,1199
28743,970,10917,-9947
28745,147,649,-502
28746,1195,1629,-434
28747,863,334,529
28748,4242,3166,1076
28749,48,8189,-8141
28751,1791,286,1505
28752,12345,3607,8738
28753,3904,14,3890
28754,3461,4945,-1484
28755,0,282,-282
28756,1520,1791,-271
28757,2,59,-57
28758,0,1271,-1271
28759,3065,39,3026
28761,2938,2338,600
28762,2871,152,2719
28763,1081,67,1014
28766,448,7935,-7487
28768,2950,1680,1270
28770,0,2592,-2592
28771,2917,5405,-2488
28772,538,4628,-4090
28773,1227,8947,-7720
28774,683,297,386
28775,215,9666,-9451
28777,3588,11067,-7479
28778,3626,15701,-12075
28779,7784,26,7758
28781,541,7022,-6481
28782,3061,15790,-12729
28783,500,13866,-13366
28785,3219,9196,-5977
28786,9426,7361,2065
28787,8680,0,8680
28788,57,0,57
28789,2723,563,2160
28790,1361,1062,299
28791,6588,2175,4413
28792,14968,1125,13843
28801,6544,145,6399
28803,14256,1453,12803
28804,9496,1514,7982
28805,8885,940,7945
28806,17058,1169,15889
28901,2372,1153,1219
28902,395,9605,-9210
28904,4489,18649,-14160
28905,1220,475,745
28906,8701,965,7736
28909,346,3146,-2800
29001,633,1027,-394
29003,2272,1783,489
29006,3643,127,3516
29009,851,508,343
29010,4389,7909,-3520
29014,638,9853,-9215
29015,512,820,-308
29016,10373,10894,-521
29018,1221,18218,-16997
29020,8956,10374,-1418
29030,840,827,13
29031,645,233,412
29032,1799,1493,306
29033,6092,623,5469
29036,9446,2924,6522
29037,301,866,-565
29038,1054,1222,-168
29039,1554,2647,-1093
29040,3474,2586,888
29042,1139,620,519
29044,2128,791,1337
29045,10440,23433,-12993
29046,18,17362,-17344
29047,1498,1077,421
29048,1914,8525,-6611
29051,153,3923,-3770
29052,566,40,526
29053,7738,16965,-9227
29054,3599,10071,-6472
29055,1542,7595,-6053
29056,925,3715,-2790
29058,1791,1768,23
29059,1966,6231,-4265
29061,4721,338,4383
29062,10,469,-459
29063,13848,94,13754
29065,267,5746,-5479
29067,3792,680,3112
29069,1862,14896,-13034
29070,5894,8958,-3064
29072,24004,964,23040
29073,18349,7994,10355
29074,114,6251,-6137
29075,1225,2093,-868
29078,5958,3029,2929
29079,12,197,-185
29080,970,1748,-778
29081,511,625,-114
29082,199,975,-776
29101,1093,751,342
29102,6248,12668,-6420
29104,464,3207,-2743
29105,388,2203,-1815
29107,1072,4194,-3122
29108,7831,4681,3150
29111,507,1111,-604
29112,1514,323,1191
29113,610,2896,-2286
29114,601,7565,-6964
29115,10334,233,10101
29117,0,5445,-5445
29118,5932,6120,-188
29122,36,1485,-1449
29123,2741,5853,-3112
29125,1123,4371,-3248
29126,925,4574,-3649
29127,3628,7587,-3959
29128,1502,11798,-10296
29129,1638,11308,-9670
29130,2884,12180,-9296
29133,294,487,-193
29135,3347,1643,1704
29137,893,7507,-6614
29138,3905,2032,1873
29142,1927,932,995
29145,313,5744,-5431
29146,456,14281,-13825
29148,2390,878,1512
29150,15584,2005,13579
29152,728,323,405
29153,6220,784,5436
29154,11030,48,10982
29160,2974,1062,1912
29161,4289,4568,-279
29162,922,13613,-12691
29163,445,14292,-13847
29164,2040,11407,-9367
29166,238,10933,-10695
29168,1446,0,1446
29169,10460,71,10389
29170,8769,15184,-6415
29172,3777,10007,-6230
29175,167,5238,-5071
29177,0,15605,-15605
29178,1480,6032,-4552
29180,5021,11036,-6015
29201,8863,5266,3597
29203,16179,6959,9220
29204,7144,1149,5995
29205,10771,5777,4994
29206,8346,5456,2890
29207,4,47,-43
29208,0,653,-653
29209,14599,1156,13443
29210,17139,473,16666
29212,12325,11707,618
29223,21702,11007,10695
29225,0,1142,-1142
29229,18305,7024,11281
29301,13581,3571,10010
29302,7216,10922,-3706
29303,9093,9485,-392
29306,6882,12998,-6116
29307,8010,16523,-8513
29316,11094,2044,9050
29320,222,3979,-3757
29321,1095,2857,-1762
29322,3703,5510,-1807
29323,5540,109,5431
29324,37,75,-38
29325,5025,2305,2720
29329,75,5911,-5836
29330,3380,724,2656
29331,51,55,-4
29332,1112,2311,-1199
29333,102,81,21
29334,5710,4671,1039
29335,1917,3682,-1765
29338,25,6763,-6738
29340,7748,4660,3088
29341,7677,9511,-1834
29346,99,2431,-2332
29349,12877,8934,3943
29351,556,9532,-8976
29353,1488,17329,-15841
29355,301,1335,-1034
29356,3737,87,3650
29360,8139,1877,6262
29364,299,437,-138
29365,4673,405,4268
29368,82,16102,-16020
29369,6151,1613,4538
29370,289,6863,-6574
29372,1698,4444,-2746
29373,114,1916,-1802
29374,1352,5840,-4488
29375,34,1533,-1499
29376,3031,4454,-1423
29377,220,3857,-3637
29378,60,1394,-1334
29379,7462,7663,-201
29384,1493,7119,-5626
29385,2759,9427,-6668
29388,6070,2472,3598
29401,3910,10872,-6962
29403,9451,919,8532
29404,571,998,-427
29405,11156,9248,1908
29406,12490,397,12093
29407,16630,1410,15220
29409,35,17412,-17377
29410,7399,0,7399
29412,16397,731,15666
29414,18920,518,18402
29418,10586,3642,6944
29420,8684,853,7831
29424,48,20521,-20473
29425,0,21478,-21478
29426,683,0,683
29429,1590,770,820
29431,2374,965,1409
29432,1075,390,685
29434,316,10392,-10076
29435,1680,9960,-8280
29436,1830,15596,-13766
29437,910,2191,-1281
29438,1167,922,245
29439,571,1752,-1181
29440,10113,4166,5947
29445,21360,464,20896
29446,423,1966,-1543
29448,1020,445,575
29449,3002,424,2578
29450,1117,2518,-1401
29451,1930,58,1872
29452,99,1341,-1242
29453,538,522,16
29455,10610,3229,7381
29456,12282,1503,10779
29458,934,2005,-1071
29461,15326,704,14622
29464,23241,3000,20241
29466,15098,308,14790
29468,840,319,521
29469,353,124,229
29470,1718,13124,-11406
29471,562,3332,-2770
29472,3235,659,2576
29474,854,26,828
29475,889,445,444
29477,3022,1584,1438
29479,2659,350,2309
29481,601,87,514
29482,832,54,778
29483,20566,2804,17762
29485,21364,2329,19035
29486,14569,1170,13399
29487,1080,5318,-4238
29488,8311,0,8311
29492,8054,5341,2713
29493,66,0,66
29501,18606,25,18581
29505,9776,7492,2284
29506,6826,4636,2190
29510,3535,8441,-4906
29511,1973,12250,-10277
29512,6005,655,5350
29516,222,0,222
29518,408,203,205
29519,111,618,-507
29520,5198,1496,3702
29525,706,3911,-3205
29526,15983,96,15887
29527,9365,445,8920
29530,884,177,707
29532,7903,1518,6385
29536,5829,10030,-4201
29540,1948,2531,-583
29541,3241,7992,-4751
29543,117,408,-291
29544,2274,68,2206
29545,648,335,313
29546,1054,1492,-438
29547,903,4476,-3573
29550,11627,93,11534
29554,3429,1512,1917
29555,2016,234,1782
29556,4793,184,4609
29560,5065,2030,3035
29563,738,1633,-895
29564,458,2622,-2164
29565,2500,19129,-16629
29566,8584,12227,-3643
29567,150,9896,-9746
29568,6104,5416,688
29569,6257,5073,1184
29570,1363,8785,-7422
29571,4896,8753,-3857
29572,4923,12836,-7913
29574,3738,16396,-12658
29575,8032,6976,1056
29576,15047,12533,2514
29577,14413,7773,6640
29579,17557,22487,-4930
29580,554,20491,-19937
29581,1607,3259,-1652
29582,8925,6152,2773
29583,1881,11764,-9883
29584,1069,16364,-15295
29585,7455,12855,-5400
29588,18199,15882,2317
29589,44,7302,-7258
29590,908,14066,-13158
29591,1803,13644,-11841
29592,274,17964,-17690
29593,810,17813,-17003
29594,105,25191,-25086
29596,931,26320,-25389
29601,6590,9702,-3112
29605,15446,11431,4015
29607,18947,19467,-520
29609,12920,19298,-6378
29611,12487,3931,8556
29613,0,1074,-1074
29614,4,756,-752
29615,18036,18907,-871
29617,11056,11849,-793
29620,4841,22892,-18051
29621,16931,17261,-330
29624,6003,19888,-13885
29625,12254,18932,-6678
29626,5339,12105,-6766
29627,6200,135,6065
29628,1086,6232,-5146
29630,7073,341,6732
29631,6127,19682,-13555
29634,27,15772,-15745
29635,426,11285,-10859
29638,1451,1231,220
29639,414,23973,-23559
29640,12248,10255,1993
29642,13417,18077,-4660
29643,1116,13945,-12829
29644,7976,12886,-4910
29645,4244,9204,-4960
29646,10864,12439,-1575
29649,10822,17488,-6666
29650,14300,10996,3304
29651,19182,24446,-5264
29653,1653,13817,-12164
29654,3613,18549,-14936
29655,2950,12041,-9091
29657,6001,5393,608
29658,122,1808,-1686
29659,54,983,-929
29661,2376,7443,-5067
29662,5988,4877,1111
29664,813,2819,-2006
29665,82,4628,-4546
29666,2403,2211,192
29667,79,17185,-17106
29669,4697,12707,-8010
29670,4242,7966,-3724
29671,7074,13039,-5965
29672,5207,0,5207
29673,11179,13063,-1884
29676,2521,7898,-5377
29678,9694,8560,1134
29680,12164,1051,11113
29681,23157,8468,14689
29682,1549,14094,-12545
29683,151,20849,-20698
29684,1999,10671,-8672
29685,910,14677,-13767
29686,378,20583,-20205
29687,16295,627,15668
29689,1686,1649,37
29690,9101,7745,1356
29691,4697,8300,-3603
29692,1884,18411,-16527
29693,5749,2726,3023
29696,1991,1905,86
29697,5624,204,5420
29702,3397,5,3392
29704,1395,14195,-12800
29706,7671,6696,975
29707,12818,15186,-2368
29708,15199,13368,1831
29709,2402,0,2402
29710,14369,14162,207
29712,851,9165,-8314
29714,1181,1259,-78
29715,13913,1255,12658
29717,556,1949,-1393
29718,1292,2272,-980
29720,19335,2866,16469
29724,20,512,-492
29726,674,1283,-609
29727,854,5862,-5008
29728,3679,11895,-8216
29729,839,1090,-251
29730,23440,1843,21597
29732,22870,2336,20534
29733,0,1313,-1313
29741,784,2916,-2132
29742,1010,19101,-18091
29743,735,12941,-12206
29745,12609,4740,7869
29801,11062,1145,9917
29803,16000,1000,15000
29805,2163,9873,-7710
29809,968,10603,-9635
29810,1690,11083,-9393
29812,4178,639,3539
29816,387,3509,-3122
29817,1541,696,845
29819,626,1775,-1149
29821,429,1614,-1185
29824,2770,12880,-10110
29826,113,9370,-9257
29827,1167,11825,-10658
29828,258,3038,-2780
29829,4124,7943,-3819
29831,1926,563,1363
29832,2031,15660,-13629
29834,250,11357,-11107
29835,2651,10952,-8301
29836,121,8535,-8414
29838,189,7425,-7236
29840,153,18,135
29841,13774,858,12916
29842,2959,13584,-10625
29843,454,17455,-17001
29844,64,848,-784
29845,549,1465,-916
29847,1688,998,690
29848,290,1139,-849
29849,114,7941,-7827
29851,3084,19505,-16421
29853,2676,11440,-8764
29856,1024,3266,-2242
29860,6158,12588,-6430
29899,0,4871,-4871
29902,5794,11321,-5527
29904,0,0,0
29905,0,4993,-4993
29906,8860,7466,1394
29907,5483,23385,-17902
29909,10556,17,10539
29910,17184,235,16949
29911,487,8931,-8444
29912,0,3371,-3371
29915,329,22,307
29916,711,2797,-2086
29918,1622,8152,-6530
29920,4197,1932,2265
29921,144,1242,-1098
29922,297,12586,-12289
29923,79,1644,-1565
29924,1872,8624,-6752
29926,10787,8004,2783
29927,3775,1073,2702
29928,7554,11147,-3593
29929,412,10603,-10191
29932,60,7963,-7903
29934,194,8769,-8575
29935,1691,12954,-11263
29936,4649,10412,-5763
29939,96,13215,-13119
29940,1672,9450,-7778
29941,68,2178,-2110
29943,194,6853,-6659
29944,1490,11593,-10103
29945,2157,12352,-10195
30002,2810,5061,-2251
30004,23933,19511,4422
30005,13498,16627,-3129
30008,11648,0,11648
30009,7563,13430,-5867
30011,5836,2460,3376
30012,11562,9310,2252
30013,9389,14279,-4890
30014,14933,11785,3148
30016,19625,21744,-2119
30017,7502,0,7502
30018,27,0,27
30019,14742,202,14540
30021,6563,4462,2101
30022,23465,13476,9989
30024,27369,10344,17025
30025,3691,10103,-6412
30028,10423,11716,-1293
30030,12617,12415,202
30032,16657,12294,4363
30033,13112,9252,3860
30034,16929,2763,14166
30035,7588,24178,-16590
30038,14393,15258,-865
30039,15744,5682,10062
30040,25461,5346,20115
30041,24705,1354,23351
30043,28151,4828,23323
30044,30289,681,29608
30045,13514,971,12543
30046,13865,27,13838
30047,21533,528,21005
30052,24082,2642,21440
30054,4296,4104,192
30055,1392,503,889
30056,786,1459,-673
30058,21719,31,21688
30060,13536,525,13011
30062,23232,315,22917
30064,18038,4055,13983
30066,21998,1003,20995
30067,19107,127,18980
30068,12667,2159,10508
30070,48,4156,-4108
30071,8438,24,8414
30072,325,3753,-3428
30075,21172,777,20395
30076,17237,2674,14563
30078,12934,1171,11763
30079,1357,528,829
30080,24527,32,24495
30082,10757,25,10732
30083,20719,908,19811
30084,15188,26,15162
30087,13249,617,12632
30088,10683,2455,8228
30090,0,128,-128
30092,15135,161,14974
30093,18995,684,18311
30094,11759,2211,9548
30096,27057,14706,12351
30097,16839,0,16839
30101,20710,5100,15610
30102,15034,25,15009
30103,4881,4237,644
30104,1609,221,1388
30105,839,1527,-688
30106,8796,1086,7710
30107,5916,6669,-753
30108,2938,0,2938
30110,5391,1122,4269
30111,0,8651,-8651
30113,1884,7375,-5491
30114,20205,15311,4894
30115,16552,8272,8280
30116,9181,2422,6759
30117,13142,1252,11890
30118,0,8565,-8565
30120,14309,4303,10006
30121,9529,821,8708
30122,10325,4243,6082
30124,1248,14906,-13658
30125,8527,12498,-3971
30126,15905,1561,14344
30127,23774,1877,21897
30132,15927,441,15486
30134,14666,4980,9686
30135,22315,3210,19105
30137,757,1412,-655
30139,1704,10181,-8477
30141,7960,4102,3858
30143,9728,2569,7159
30144,21225,4007,17218
30145,3136,9225,-6089
30147,1759,9878,-8119
30148,308,2448,-2140
30149,32,3335,-3303
30152,15772,628,15144
30153,6613,994,5619
30157,16642,6834,9808
30161,12946,844,12102
30165,15168,11242,3926
30168,8993,1373,7620
30170,1111,343,768
30171,922,3257,-2335
30173,2584,1198,1386
30175,2200,5199,-2999
30176,3018,7895,-4877
30177,530,771,-241
30178,1362,2939,-1577
30179,6450,2863,3587
30180,13692,934,12758
30182,1355,1683,-328
30183,2228,2079,149
30184,2408,1842,566
30185,1446,2008,-562
30187,2828,320,2508
30188,24491,1816,22675
30189,15093,1462,13631
30204,5235,1470,3765
30205,1199,3085,-1886
30206,1162,990,172
30213,14918,864,14054
30214,11609,1685,9924
30215,12780,545,12235
30216,865,35,830
30217,3450,531,2919
30218,495,918,-423
30220,1888,8041,-6153
30222,1905,0,1905
30223,14408,1524,12884
30224,10521,7347,3174
30228,15728,10,15718
30229,20,13665,-13645
30230,3492,15692,-12200
30233,8417,3675,4742
30234,778,0,778
30236,17234,555,16679
30238,13754,3915,9839
30240,11208,1460,9748
30241,8680,3764,4916
30248,9861,31,9830
30250,0,1151,-1151
30251,725,833,-108
30252,15580,688,14892
30253,19653,2184,17469
30256,811,1378,-567
30257,1477,806,671
30258,967,663,304
30259,1383,2963,-1580
30260,8301,815,7486
30263,21821,6190,15631
30265,13612,700,12912
30268,4151,4386,-235
30269,14655,6541,8114
30272,0,2314,-2314
30273,6162,981,5181
30274,12472,4328,8144
30275,77,8531,-8454
30276,6235,5611,624
30277,8078,415,7663
30281,26750,3393,23357
30284,2,1143,-1141
30285,189,10,179
30286,9023,31,8992
30288,3432,2989,443
30289,0,363,-363
30290,3199,858,2341
30291,10331,1404,8927
30292,2064,3058,-994
30293,824,5691,-4867
30294,14862,590,14272
30295,1602,13071,-11469
30296,9971,2611,7360
30297,10349,13486,-3137
30303,1019,12217,-11198
30305,14045,6418,7627
30306,11766,109,11657
30307,9329,2204,7125
30308,14082,1405,12677
30309,16758,10372,6386
30310,11867,16692,-4825
30311,14940,1440,13500
30312,13207,0,13207
30313,3293,7284,-3991
30314,7726,579,7147
30315,13126,958,12168
30316,14768,643,14125
30317,5997,1215,4782
30318,24206,1956,22250
30319,20064,14490,5574
30322,0,1401,-1401
30324,16631,1876,14755
30326,4929,2878,2051
30327,9778,12406,-2628
30328,17215,3059,14156
30329,11045,504,10541
30331,24808,5860,18948
30332,0,1392,-1392
30334,0,32,-32
30336,193,3938,-3745
30337,5315,2713,2602
30338,15672,3277,12395
30339,17759,44,17715
30340,10573,871,9702
30341,13852,1932,11920
30342,14491,290,14201
30344,14947,800,14147
30345,10491,46,10445
30346,3149,1819,1330
30349,30974,13479,17495
30350,18407,850,17557
30354,6273,0,6273
30360,5369,10404,-5035
30363,2042,3033,-991
30401,5054,13522,-8468
30410,607,757,-150
30411,767,3268,-2501
30412,51,186,-135
30413,590,511,79
30414,10,363,-353
30415,2448,307,2141
30417,3973,605,3368
30420,713,6373,-5660
30421,1139,1631,-492
30423,25,4762,-4737
30425,493,1509,-1016
30426,371,6410,-6039
30427,3955,124,3831
30428,729,10887,-10158
30429,53,1062,-1009
30434,1880,20339,-18459
30436,4276,18719,-14443
30439,3845,17343,-13498
30441,674,0,674
30442,3329,1092,2237
30445,984,1199,-215
30446,507,80,427
30448,5,5227,-5222
30449,23,1889,-1866
30450,800,386,414
30451,15,6284,-6269
30452,532,475,57
30453,2231,402,1829
30454,133,570,-437
30455,283,4539,-4256
30456,914,8342,-7428
30457,1820,403,1417
30458,16409,575,15834
30460,0,562,-562
30461,6712,859,5853
30464,30,869,-839
30467,3927,10460,-6533
30470,371,466,-95
30471,1490,5957,-4467
30473,1078,8386,-7308
30474,6022,478,5544
30477,1048,3791,-2743
30501,10544,2180,8364
30504,8643,5562,3081
30506,16202,6607,9595
30507,8339,2314,6025
30510,2484,4703,-2219
30511,1092,735,357
30512,9519,392,9127
30513,5431,4564,867
30516,915,1171,-256
30517,5533,316,5217
30518,17781,0,17781
30519,16943,388,16555
30520,1595,668,927
30521,1683,924,759
30522,353,49,304
30523,4800,1341,3459
30525,3092,3929,-837
30527,1499,693,806
30528,8431,347,8084
30529,4135,52,4083
30530,2800,2933,-133
30531,3806,616,3190
30533,9396,3092,6304
30534,10741,754,9987
30535,2937,718,2219
30536,3598,905,2693
30537,608,15944,-15336
30538,1268,0,1268
30539,109,1923,-1814
30540,8127,3390,4737
30541,709,352,357
30542,12642,470,12172
30543,1698,57,1641
30545,375,1443,-1068
30546,3623,7193,-3570
30547,1012,544,468
30548,7949,529,7420
30549,9347,564,8783
30552,633,737,-104
30553,3362,1416,1946
30554,2960,497,2463
30555,1313,1292,21
30557,1867,788,1079
30558,1759,47,1712
30559,1871,3872,-2001
30560,1901,118,1783
30562,244,35,209
30563,1955,405,1550
30564,1706,2849,-1143
30565,1485,19103,-17618
30566,2968,1672,1296
30567,1224,275,949
30568,748,1327,-579
30571,1512,2655,-1143
30572,467,10799,-10332
30573,83,346,-263
30575,581,2271,-1690
30576,1052,478,574
30577,8211,881,7330
30581,31,3314,-3283
30582,1869,12433,-10564
30597,0,9924,-9924
30598,7,15,-8
30601,10110,12161,-2051
30602,0,6571,-6571
30605,17251,0,17251
30606,20625,5707,14918
30607,4379,6714,-2335
30609,0,5065,-5065
30619,645,1877,-1232
30620,4359,2928,1431
30621,2014,862,1152
30622,4202,0,4202
30623,29,2457,-2428
30624,1234,202,1032
30625,951,2389,-1438
30627,871,420,451
30628,2105,5471,-3366
30629,1806,15222,-13416
30630,932,0,932
30631,614,2247,-1633
30633,2709,3233,-524
30634,726,139,587
30635,6321,3669,2652
30639,0,2351,-2351
30641,712,7542,-6830
30642,5660,721,4939
30643,6325,7322,-997
30646,2891,6636,-3745
30648,1005,66,939
30650,5042,1396,3646
30655,9205,3067,6138
30656,5983,2415,3568
30660,308,8137,-7829
30662,3083,11326,-8243
30663,1006,13390,-12384
30664,13,13436,-13423
30665,94,2712,-2618
30666,3314,3343,-29
30667,382,0,382
30668,854,9928,-9074
30669,1065,3771,-2706
30673,2955,4290,-1335
30677,6944,21026,-14082
30678,454,5826,-5372
30680,16081,7631,8450
30683,2809,3565,-756
30701,14424,807,13617
30705,11792,6335,5457
30707,6389,5522,867
30708,135,271,-136
30710,2447,1389,1058
30711,1421,8110,-6689
30720,8962,6935,2027
30721,18395,4892,13503
30724,13,0,13
30725,1422,10588,-9166
30726,0,466,-466
30728,7515,357,7158
30730,667,6258,-5591
30731,963,4291,-3328
30733,888,3105,-2217
30734,1207,5369,-4162
30735,2227,957,1270
30736,15792,1482,14310
30738,1452,291,1161
30739,2253,5643,-3390
30740,3057,2181,876
30741,11613,94,11519
30742,3324,7396,-4072
30746,390,878,-488
30747,5898,306,5592
30750,1165,371,794
30751,42,362,-320
30752,3522,1732,1790
30753,2365,1858,507
30755,3662,1037,2625
30756,16,45,-29
30757,938,1154,-216
30802,2010,7187,-5177
30803,321,1152,-831
30805,772,86,686
30807,82,673,-591
30808,1512,496,1016
30809,15401,831,14570
30810,691,1481,-790
30812,0,384,-384
30813,13260,410,12850
30814,3439,2188,1251
30815,13900,11961,1939
30816,813,13181,-12368
30817,2860,7683,-4823
30818,207,1309,-1102
30820,439,3943,-3504
30821,375,767,-392
30822,0,15,-15
30823,495,331,164
30824,6620,559,6061
30828,1331,1539,-208
30830,5021,102,4919
30833,1345,374,971
30901,7004,133,6871
30904,10403,297,10106
30905,820,3648,-2828
30906,20718,2223,18495
30907,17312,2209,15103
30909,17467,3476,13991
30912,0,1063,-1063
31001,825,348,477
31002,1081,3911,-2830
31003,48,606,-558
31004,0,1630,-1630
31005,6972,3461,3511
31006,1779,2046,-267
31007,291,1257,-966
31008,7897,379,7518
31009,487,508,-21
31011,239,1004,-765
31012,365,0,365
31014,4303,0,4303
31015,7238,8354,-1116
31016,698,11666,-10968
31017,598,10752,-10154
31018,525,5802,-5277
31019,956,386,570
31020,629,395,234
31021,9944,2320,7624
31022,661,1048,-387
31023,4980,3504,1476
31024,8850,170,8680
31025,376,7477,-7101
31027,3715,176,3539
31028,2065,3376,-1311
31029,5978,680,5298
31030,5955,322,5633
31031,2232,761,1471
31032,5353,153,5200
31033,826,1148,-322
31034,33,81,-48
31035,382,1027,-645
31036,3245,6853,-3608
31037,657,328,329
31038,398,3802,-3404
31039,0,7987,-7987
31041,285,578,-293
31042,521,1096,-575
31044,966,8496,-7530
31045,27,2163,-2136
31046,1323,173,1150
31047,5722,1306,4416
31049,604,2115,-1511
31050,446,937,-491
31051,33,875,-842
31052,3033,3412,-379
31054,461,849,-388
31055,1256,684,572
31057,728,380,348
31058,630,308,322
31060,680,533,147
31061,15344,3256,12088
31062,0,603,-603
31063,1618,601,1017
31064,3489,4447,-958
31065,526,9481,-8955
31066,445,2641,-2196
31067,80,9608,-9528
31068,1163,741,422
31069,9096,568,8528
31070,368,238,130
31071,424,843,-419
31072,396,2145,-1749
31075,926,1840,-914
31076,1040,1060,-20
31077,376,1725,-1349
31078,1208,702,506
31079,1039,2264,-1225
31081,22,66,-44
31082,3950,1865,2085
31083,96,212,-116
31084,0,70,-70
31085,414,802,-388
31087,3030,2062,968
31088,20733,3114,17619
31089,1606,197,1409
31090,410,2112,-1702
31091,1207,324,883
31092,2001,793,1208
31093,11100,1074,10026
31094,321,895,-574
31096,2429,1053,1376
31097,478,475,3
31098,1077,852,225
31201,3500,1225,2275
31204,11866,82,11784
31206,9020,2635,6385
31207,0,389,-389
31210,13962,3337,10625
31211,6132,8063,-1931
31213,0,12937,-12937
31216,6202,2709,3493
31217,6168,8880,-2712
31220,5907,21072,-15165
31301,1610,13894,-12284
31302,3027,9923,-6896
31303,1088,2050,-962
31305,2235,943,1292
31307,448,4973,-4525
31308,3007,7084,-4077
31309,261,7379,-7118
31312,7262,0,7262
31313,15166,1805,13361
31314,0,12627,-12627
31315,2277,2976,-699
31316,4043,2533,1510
31318,132,8647,-8515
31320,3281,705,2576
31321,2747,3244,-497
31322,10718,2379,8339
31323,691,1387,-696
31324,10847,3369,7478
31326,8731,6424,2307
31327,18,1468,-1450
31328,1615,829,786
31329,3162,8384,-5222
31331,2409,39,2370
31333,136,813,-677
31401,8275,4354,3921
31404,12832,2535,10297
31405,14304,11246,3058
31406,13920,2125,11795
31407,8149,16911,-8762
31408,3608,1179,2429
31409,0,17,-17
31410,9709,14974,-5265
31411,4392,155,4237
31415,4153,9836,-5683
31419,22141,1358,20783
31421,0,12300,-12300
31501,5803,559,5244
31503,7368,12091,-4723
31510,3192,10449,-7257
31512,842,1471,-629
31513,5722,5248,474
31516,5776,9671,-3895
31518,238,860,-622
31519,1476,2628,-1152
31520,8493,1058,7435
31522,7763,5628,2135
31523,5326,945,4381
31524,0,2496,-2496
31525,11091,2734,8357
31527,668,2043,-1375
31532,257,12654,-12397
31533,6217,9600,-3383
31535,4254,8313,-4059
31537,3270,9003,-5733
31539,5072,1173,3899
31542,892,12201,-11309
31543,1651,6708,-5057
31544,217,8581,-8364
31545,5928,1807,4121
31546,2746,1642,1104
31547,0,2828,-2828
31548,8390,40,8350
31549,665,3330,-2665
31550,251,3425,-3174
31551,354,14788,-14434
31552,283,510,-227
31553,1781,563,1218
31554,1801,7476,-5675
31555,1037,1782,-745
31556,29,87,-58
31557,1246,4392,-3146
31558,8364,129,8235
31560,1082,15140,-14058
31561,60,23862,-23802
31562,706,14482,-13776
31563,526,11021,-10495
31564,0,4698,-4698
31565,1023,19074,-18051
31566,1376,7089,-5713
31567,500,10035,-9535
31568,241,3180,-2939
31569,1996,1318,678
31599,0,973,-973
31601,12023,896,11127
31602,13046,2744,10302
31605,8677,224,8453
31606,1266,441,825
31620,4016,1175,2841
31622,678,1803,-1125
31623,43,3197,-3154
31624,475,12144,-11669
31625,475,6789,-6314
31626,1313,14275,-12962
31627,81,11392,-11311
31629,305,13145,-12840
31630,225,22202,-21977
31631,241,11740,-11499
31632,4904,176,4728
31634,1826,13842,-12016
31635,2493,8161,-5668
31636,3833,19188,-15355
31637,1154,4292,-3138
31638,415,4731,-4316
31639,3845,9602,-5757
31641,592,3098,-2506
31642,1578,9405,-7827
31643,3485,14202,-10717
31645,1636,19396,-17760
31647,1010,5621,-4611
31648,341,451,-110
31649,370,0,370
31650,1283,8996,-7713
31698,0,2009,-2009
31699,0,21631,-21631
31701,7439,17280,-9841
31704,0,11325,-11325
31705,10421,4805,5616
31707,10995,17947,-6952
31709,6222,14245,-8023
31711,247,9667,-9420
31712,484,12083,-11599
31714,2385,3375,-990
31716,1131,10815,-9684
31719,2737,12502,-9765
31720,138,19811,-19673
31721,7979,16276,-8297
31722,253,7872,-7619
31727,0,9754,-9754
31730,3261,11858,-8597
31733,458,7016,-6558
31735,254,7605,-7351
31738,936,11732,-10796
31743,53,5134,-5081
31744,1235,1501,-266
31747,57,1694,-1637
31749,929,1381,-452
31750,7308,101,7207
31753,23,1465,-1442
31756,627,9195,-8568
31757,4061,1229,2832
31763,9724,319,9405
31764,677,1830,-1153
31765,936,515,421
31768,8136,4251,3885
31771,2253,660,1593
31772,213,537,-324
31773,1895,4001,-2106
31774,2393,1134,1259
31775,1007,4792,-3785
31778,1066,700,366
31779,2979,2968,11
31780,676,3626,-2950
31781,677,643,34
31783,541,6672,-6131
31784,370,2252,-1882
31787,638,122,516
31788,3396,32,3364
31789,608,819,-211
31790,692,872,-180
31791,4352,88,4264
31792,9318,0,9318
31793,3240,9763,-6523
31794,10638,747,9891
31795,594,13679,-13085
31796,495,12645,-12150
31798,390,4017,-3627
31801,1138,7740,-6602
31803,1877,3127,-1250
31804,2066,402,1664
31805,1009,5667,-4658
31806,1538,776,762
31807,738,1524,-786
31808,2803,463,2340
31810,99,2434,-2335
31811,2004,4695,-2691
31812,239,398,-159
31814,0,466,-466
31815,834,5831,-4997
31816,2066,457,1609
31820,4453,1756,2697
31821,29,0,29
31822,2316,5454,-3138
31823,321,2843,-2522
31824,468,249,219
31825,1073,1438,-365
31826,803,3176,-2373
31827,926,2147,-1221
31829,521,1336,-815
31830,961,1038,-77
31831,1358,7570,-6212
31832,73,519,-446
31833,2525,3638,-1113
31836,408,0,408
31901,3107,3497,-390
31903,7543,238,7305
31904,14016,1674,12342
31905,3641,3289,352
31906,8768,5094,3674
31907,22637,1635,21002
31909,15723,13,15710
32003,11090,1328,9762
32008,2354,40,2314
32009,1383,1458,-75
32011,5480,2281,3199
32013,5,2474,-2469
32024,7220,4374,2846
32025,8127,1363,6764
32026,0,12301,-12301
32033,1915,9652,-7737
32034,16526,9853,6673
32038,3824,13423,-9599
32040,2663,11270,-8607
32043,11018,278,10740
32044,813,0,813
32046,3602,0,3602
32052,2245,15564,-13319
32053,1289,13076,-11787
32054,3567,95,3472
32055,6190,1835,4355
32058,1494,9717,-8223
32059,1109,5307,-4198
32060,7754,1800,5954
32061,85,7471,-7386
32062,668,8739,-8071
32063,4523,6677,-2154
32064,2865,918,1947
32065,13336,399,12937
32066,1978,14056,-12078
32068,19950,8448,11502
32071,1173,3149,-1976
32072,43,3369,-3326
32073,15600,9098,6502
32079,172,1179,-1007
32080,9618,2257,7361
32081,7113,12484,-5371
32082,11696,1407,10289
32083,616,994,-378
32084,13125,4628,8497
32086,12531,11025,1506
32087,1209,10814,-9605
32091,5457,1764,3693
32092,14569,11821,2748
32094,925,4485,-3560
32095,5218,1532,3686
32096,1142,8441,-7299
32097,7650,7733,-83
32102,1120,2109,-989
32110,3272,9746,-6474
32112,2767,9553,-6786
32113,1927,11982,-10055
32114,14270,18936,-4666
32117,12399,6430,5969
32118,9639,5,9634
32119,10403,6339,4064
32124,2312,268,2044
32127,12799,1672,11127
32128,8901,2864,6037
32129,10166,1885,8281
32130,1661,1908,-247
32131,1665,445,1220
32132,3741,640,3101
32133,294,3536,-3242
32134,3198,1442,1756
32136,3905,111,3794
32137,18346,67,18279
32139,338,4154,-3816
32140,570,4434,-3864
32141,8592,3668,4924
32145,1989,178,1811
32147,796,5506,-4710
32148,4359,5237,-878
32157,163,44,119
32159,15676,174,15502
32162,29994,2609,27385
32163,13131,1677,11454
32164,18982,1886,17096
32168,13517,4675,8842
32169,5889,4050,1839
32174,22934,49,22885
32176,6885,98,6787
32177,10055,1953,8102
32179,3665,164,3501
32180,1409,4444,-3035
32181,1159,810,349
32182,21,4197,-4176
32187,615,57,558
32189,2449,8780,-6331
32190,513,1094,-581
32192,0,15987,-15987
32193,560,13201,-12641
32195,1114,14815,-13701
32202,2149,840,1309
32203,0,14752,-14752
32204,4314,7862,-3548
32205,14447,12890,1557
32206,6840,11439,-4599
32207,15890,11628,4262
32208,13365,15971,-2606
32209,14517,7831,6686
32210,26474,2266,24208
32211,13301,1523,11778
32212,237,1500,-1263
32214,0,3118,-3118
32216,17224,13699,3525
32217,8807,1283,7524
32218,23743,14079,9664
32219,5019,7909,-2890
32220,4604,7866,-3262
32221,10397,4076,6321
32222,5450,9494,-4044
32223,10311,1173,9138
32224,15366,8761,6605
32225,21065,1343,19722
32226,6389,18678,-12289
32227,544,4633,-4089
32228,0,903,-903
32233,9901,16355,-6454
32234,2750,9587,-6837
32244,23759,3548,20211
32246,22370,8322,14048
32250,12403,10057,2346
32254,5100,14525,-9425
32256,22519,4185,18334
32257,16968,10233,6735
32258,14831,19415,-4584
32259,19000,8033,10967
32266,2957,1303,1654
32277,12859,6063,6796
32301,14163,9430,4733
32303,21986,8199,13787
32304,18175,7918,10257
32305,7603,10606,-3003
32306,0,11540,-11540
32307,0,16515,-16515
32308,10827,8535,2292
32309,13011,12373,638
32310,5775,13955,-8180
32311,8555,14319,-5764
32312,12229,2251,9978
32313,0,11654,-11654
32317,5353,15107,-9754
32320,1801,8825,-7024
32321,1662,2557,-895
32322,951,6872,-5921
32323,53,20659,-20606
32324,1843,10666,-8823
32327,9942,19036,-9094
32328,1508,7383,-5875
32330,212,2166,-1954
32331,1725,19405,-17680
32332,520,6244,-5724
32333,4494,2,4492
32334,581,75,506
32336,531,4757,-4226
32337,27,3165,-3138
32340,3526,16259,-12733
32343,1098,5902,-4804
32344,4577,16884,-12307
32346,873,15742,-14869
32347,2455,10842,-8387
32348,3920,5776,-1856
32350,681,10548,-9867
32351,5792,9384,-3592
32352,1810,14828,-13018
32355,152,3310,-3158
32356,0,10302,-10302
32358,545,5632,-5087
32359,497,6230,-5733
32360,36,325,-289
32361,207,8425,-8218
32399,0,9637,-9637
32401,8804,6953,1851
32403,266,7047,-6781
32404,14273,17151,-2878
32405,12216,10517,1699
32407,6153,13032,-6879
32408,8706,1900,6806
32409,3729,1041,2688
32410,279,1487,-1208
32413,6835,5138,1697
32420,1178,8128,-6950
32421,1445,9326,-7881
32423,487,14054,-13567
32424,2179,10879,-8700
32425,4766,8786,-4020
32426,294,9251,-8957
32427,469,7412,-6943
32428,5936,7731,-1795
32430,326,7388,-7062
32431,1780,4838,-3058
32432,0,183,-183
32433,6971,4753,2218
32435,2694,121,2573
32437,282,6833,-6551
32438,1756,19292,-17536
32439,5303,15348,-10045
32440,1999,23032,-21033
32442,1396,9799,-8403
32443,1109,14173,-13064
32444,7600,19915,-12315
32445,474,14287,-13813
32446,3916,12616,-8700
32448,3349,7252,-3903
32449,340,17795,-17455
32455,1694,19157,-17463
32456,3655,18901,-15246
32459,7880,21914,-14034
32460,1690,20740,-19050
32461,953,11228,-10275
32462,1376,21124,-19748
32463,81,8174,-8093
32464,1565,13023,-11458
32465,2273,9468,-7195
32466,2019,1971,48
32501,4474,9826,-5352
32502,1725,14241,-12516
32503,12984,4468,8516
32504,9608,4280,5328
32505,10852,1633,9219
32506,14482,5006,9476
32507,13618,41,13577
32508,555,11882,-11327
32509,0,2494,-2494
32511,0,1645,-1645
32512,0,3653,-3653
32514,17435,294,17141
32526,15004,8823,6181
32530,20,11912,-11892
32531,2748,9542,-6794
32533,10783,12176,-1393
32534,6778,13109,-6331
32535,1669,21649,-19980
32536,8780,19289,-10509
32539,10637,17441,-6804
32541,9104,8521,583
32542,881,8280,-7399
32544,416,14596,-14180
32547,14313,10585,3728
32548,9937,1994,7943
32550,4251,12876,-8625
32561,4123,10273,-6150
32563,10811,9509,1302
32564,992,0,992
32565,2039,179,1860
32566,15286,0,15286
32567,1574,18631,-17057
32568,1214,16702,-15488
32569,4828,9163,-4335
32570,13445,2840,10605
32571,13461,6702,6759
32577,1855,10282,-8427
32578,12862,6861,6001
32579,4452,4102,350
32580,1535,13793,-12258
32583,9570,15403,-5833
32601,8603,13490,-4887
32603,1740,4940,-3200
32605,11298,8092,3206
32606,10323,10909,-586
32607,12175,21375,-9200
32608,20707,9522,11185
32609,7463,15518,-8055
32610,0,16902,-16902
32612,4,12322,-12318
32615,5984,8362,-2378
32616,79,11281,-11202
32617,1432,3588,-2156
32618,3229,13309,-10080
32619,2013,4347,-2334
32621,2016,8548,-6532
32622,575,6077,-5502
32625,682,14668,-13986
32626,3781,10989,-7208
32628,1581,20123,-18542
32631,183,2082,-1899
32634,7,18754,-18747
32639,127,15494,-15367
32640,4028,12941,-8913
32641,5142,16793,-11651
32643,4171,7213,-3042
32648,103,5090,-4987
32653,6383,6603,-220
32656,5103,11863,-6760
32658,73,3068,-2995
32664,139,12562,-12423
32666,2746,11815,-9069
32667,1865,8962,-7097
32668,2279,15657,-13378
32669,5282,17338,-12056
32680,4197,13959,-9762
32681,63,11905,-11842
32683,99,15070,-14971
32686,2344,14037,-11693
32692,40,7154,-7114
32693,3978,3811,167
32694,975,11734,-10759
32696,5302,6062,-760
32697,68,7657,-7589
32701,11274,22808,-11534
32702,1228,4400,-3172
32703,19247,7267,11980
32707,15695,3827,11868
32708,19422,13079,6343
32709,546,1430,-884
32712,15902,12986,2916
32713,9149,6694,2455
32714,15818,9158,6660
32720,12271,6159,6112
32723,0,1752,-1752
32724,16055,15856,199
32725,18035,13011,5024
32726,9424,20644,-11220
32730,2865,18513,-15648
32732,1817,20071,-18254
32735,2169,7864,-5695
32736,4120,5250,-1130
32738,15798,5545,10253
32744,1197,12227,-11030
32746,18501,18901,-400
32750,9522,19858,-10336
32751,9243,16287,-7044
32754,4664,6358,-1694
32757,12268,18589,-6321
32759,1014,9460,-8446
32763,9817,10761,-944
32764,1032,6122,-5090
32765,21830,9656,12174
32766,5087,4173,914
32767,1110,6918,-5808
32768,0,3283,-3283
32771,20680,11979,8701
32773,11807,11622,185
32775,0,10944,-10944
32776,4493,4440,53
32778,10458,10447,11
32779,11083,7429,3654
32780,16126,8444,7682
32784,4258,10772,-6514
32789,11035,9393,1642
32792,20913,11066,9847
32796,8419,13999,-5580
32798,1117,22316,-21199
32801,8621,5040,3581
32803,10420,4942,5478
32804,8676,17579,-8903
32805,6944,15703,-8759
32806,11120,13707,-2587
32807,12429,15636,-3207
32808,19218,9156,10062
32809,9259,13766,-4507
32810,13830,6301,7529
32811,14154,6757,7397
32812,14091,9186,4905
32814,3941,19182,-15241
32816,0,9557,-9557
32817,11123,12800,-1677
32818,17486,18296,-810
32819,10034,17820,-7786
32820,3123,158,2965
32821,8437,5390,3047
32822,23119,11195,11924
32824,14440,14270,170
32825,19278,7910,11368
32826,8632,13569,-4937
32827,5401,11875,-6474
32828,23591,3233,20358
32829,6142,8821,-2679
32830,22,19045,-19023
32831,35,10123,-10088
32832,9545,13562,-4017
32833,3271,11740,-8469
32835,17730,16897,833
32836,7751,19898,-12147
32837,15618,6003,9615
32839,16899,7871,9028
32899,0,1921,-1921
32901,10648,7886,2762
32903,6233,1623,4610
32904,13444,2353,11091
32905,10685,6664,4021
32907,16193,3882,12311
32908,4270,5552,-1282
32909,11530,6263,5267
32920,5906,13726,-7820
32922,6505,8706,-2201
32925,484,7554,-7070
32926,9333,664,8669
32927,10224,9542,682
32931,7179,5337,1842
32934,7309,4,7305
32935,17254,10097,7157
32937,11227,20003,-8776
32940,18599,3784,14815
32948,1735,767,968
32949,962,251,711
32950,1821,6632,-4811
32951,5826,6867,-1041
32952,8228,4418,3810
32953,9322,4403,4919
32955,15437,2540,12897
32958,12440,3858,8582
32959,0,9114,-9114
32960,9367,9671,-304
32962,9314,8079,1235
32963,7594,7938,-344
32966,8651,4011,4640
32967,8791,6320,2471
32968,5440,2123,3317
32970,45,6180,-6135
32976,5048,7388,-2340
33001,179,7641,-7462
33004,7003,6310,693
33009,20180,8713,11467
33010,15483,6352,9131
33012,24959,6614,18345
33013,9481,3131,6350
33014,14311,7982,6329
33015,23078,7188,15890
33016,15606,5724,9882
33018,16681,11373,5308
33019,6371,1713,4658
33020,19434,14334,5100
33021,18969,7599,11370
33022,0,8869,-8869
33023,20812,464,20348
33024,24329,3867,20462
33025,26946,11420,15526
33026,12071,9835,2236
33027,24219,3104,21115
33028,8730,3665,5065
33029,13150,6042,7108
33030,10199,7921,2278
33031,2690,14330,-11640
33032,16043,6192,9851
33033,19036,7392,11644
33034,5448,9575,-4127
33035,5287,7985,-2698
33036,1792,14878,-13086
33037,5159,14416,-9257
33039,0,17230,-17230
33040,14608,13148,1460
33042,2908,17865,-14957
33043,1896,17224,-15328
33050,4299,5541,-1242
33051,410,17007,-16597
33054,10164,10430,-266
33055,11464,10835,629
33056,10925,0,10925
33060,13959,440,13519
33062,13274,15410,-2136
33063,24961,8829,16132
33064,22668,9547,13121
33065,19546,10187,9359
33066,8453,7163,1290
33067,8380,6318,2062
33068,18539,6119,12420
33069,11115,20848,-9733
33070,2378,7764,-5386
33071,13401,13116,285
33073,11655,10302,1353
33076,12833,7440,5393
33101,0,10261,-10261
33109,258,8597,-8339
33122,724,11870,-11146
33125,20956,7892,13064
33126,18017,11251,6766
33127,9891,13661,-3770
33128,3577,6920,-3343
33129,6906,9522,-2616
33130,16124,12392,3732
33131,12296,8041,4255
33132,8126,3637,4489
33133,14203,7735,6468
33134,16171,0,16171
33135,14245,8999,5246
33136,6634,12694,-6060
33137,10405,7484,2921
33138,12766,5988,6778
33139,19898,8982,10916
33140,8709,2780,5929
33141,16538,9246,7292
33142,20091,11498,8593
33143,12669,5871,6798
33144,9535,4464,5071
33145,11459,11915,-456
33146,5160,13750,-8590
33147,14747,10128,4619
33149,4601,7212,-2611
33150,11030,8025,3005
33154,5687,5053,634
33155,14866,6765,8101
33156,11749,6298,5451
33157,20554,10534,10020
33158,2017,9046,-7029
33160,20050,3061,16989
33161,17264,732,16532
33162,14605,11920,2685
33165,17042,12077,4965
33166,9418,8498,920
33167,6537,11691,-5154
33168,6687,16963,-10276
33169,12858,7391,5467
33170,4201,4361,-160
33172,14604,11444,3160
33173,11644,5135,6509
33174,11170,10299,871
33175,17019,9082,7937
33176,18635,927,17708
33177,16052,8942,7110
33178,19069,1886,17183
33179,17863,7084,10779
33180,14528,1574,12954
33181,8164,1123,7041
33182,4106,2896,1210
33183,12472,3781,8691
33184,6455,12101,-5646
33185,8799,51,8748
33186,22617,480,22137
33187,5523,268,5255
33189,8156,2735,5421
33190,5118,289,4829
33193,15548,8197,7351
33194,2093,4142,-2049
33196,16601,104,16497
33301,9170,8,9162
33304,9530,240,9290
33305,6640,739,5901
33306,1843,4072,-2229
33308,15638,7576,8062
33309,14066,218,13848
33311,24737,161,24576
33312,18490,3723,14767
33313,21780,8923,12857
33314,10435,6602,3833
33315,5895,3869,2026
33316,5552,4095,1457
33317,12762,1940,10822
33319,20733,134,20599
33321,21625,12809,8816
33322,18399,12130,6269
33323,8319,11528,-3209
33324,19516,1608,17908
33325,10364,3045,7319
33326,10655,5461,5194
33327,6557,6450,107
33328,9940,7237,2703
33330,4614,9647,-5033
33331,7454,12932,-5478
33332,3393,10412,-7019
33334,12730,8867,3863
33351,12589,16153,-3564
33388,0,7392,-7392
33401,13578,7002,6576
33403,4922,6164,-1242
33404,11356,13502,-2146
33405,8368,7426,942
33406,8451,13291,-4840
33407,12174,13436,-1262
33408,9535,1828,7707
33409,11569,561,11008
33410,15085,1691,13394
33411,27024,71,26953
33412,5551,9120,-3569
33413,5421,320,5101
33414,19306,5640,13666
33415,18184,5773,12411
33417,16050,8511,7539
33418,18010,132,17878
33426,9992,10,9982
33428,15775,779,14996
33430,6524,3920,2604
33431,7546,6992,554
33432,10287,9589,698
33433,19372,13083,6289
33434,10331,2331,8000
33435,14236,3806,10430
33436,19144,3811,15333
33437,18053,1935,16118
33438,153,3390,-3237
33440,6985,327,6658
33441,12682,0,12682
33442,15358,3512,11846
33444,8984,7720,1264
33445,13796,6255,7541
33446,13680,3437,10243
33449,3265,3028,237
33455,9399,3496,5903
33458,20913,3769,17144
33460,12328,4780,7548
33461,15771,4051,11720
33462,12727,3908,8819
33463,20371,5981,14390
33467,21173,10553,10620
33469,6711,5830,881
33470,8961,6542,2419
33471,2380,0,2380
33472,8020,5154,2866
33473,4116,5618,-1502
33476,2083,9670,-7587
33477,6532,6353,179
33478,5132,7976,-2844
33480,6436,10083,-3647
33483,6584,9126,-2542
33484,14639,11317,3322
33486,8816,6489,2327
33487,9859,5689,4170
33493,860,8420,-7560
33496,10121,4095,6026
33498,5742,9565,-3823
33503,77,7786,-7709
33510,11312,6938,4374
33511,22233,14944,7289
33513,4138,115,4023
33514,761,187,574
33521,206,170,36
33523,6552,112,6440
33525,6860,45,6815
33527,5359,4467,892
33530,0,7751,-7751
33534,5520,1758,3762
33538,2305,7774,-5469
33540,4539,13597,-9058
33541,9991,12530,-2539
33542,10393,12896,-2503
33543,11371,11537,-166
33544,9437,14063,-4626
33545,7199,7035,164
33547,9100,1048,8052
33548,2688,5496,-2808
33549,7376,430,6946
33550,0,729,-729
33556,9714,2782,6932
33558,9958,5914,4044
33559,6335,15143,-8808
33563,9940,5255,4685
33565,6086,8736,-2650
33566,7752,7370,382
33567,3769,3590,179
33569,9421,3268,6153
33570,10296,14235,-3939
33572,8767,13088,-4321
33573,13640,7539,6101
33574,0,8292,-8292
33576,2317,6193,-3876
33578,22071,5831,16240
33579,12506,6724,5782
33584,9582,8897,685
33585,484,7133,-6649
33592,4055,4348,-293
33594,13077,5240,7837
33596,10198,4375,5823
33597,3187,11836,-8649
33598,7705,1875,5830
33602,8892,8809,83
33603,8560,48,8512
33604,15302,1651,13651
33605,7140,7490,-350
33606,8693,9524,-831
33607,10694,6694,4000
33609,8330,10776,-2446
33610,16775,3866,12909
33611,16136,658,15478
33612,18746,1650,17096
33613,15808,7055,8753
33614,18410,15228,3182
33615,18494,6403,12091
33616,6086,4150,1936
33617,19168,3673,15495
33618,11957,3309,8648
33619,14074,5145,8929
33620,10,2258,-2248
33621,536,2939,-2403
33624,15533,3007,12526
33625,11133,6037,5096
33626,11518,0,11518
33629,10163,7655,2508
33634,7839,4674,3165
33635,7624,1426,6198
33637,7236,5092,2144
33647,25206,4658,20548
33701,9405,4060,5345
33702,14241,3926,10315
33703,11132,7231,3901
33704,7689,8101,-412
33705,11145,9894,1251
33706,8273,10173,-1900
33707,12659,6035,6624
33708,7747,6692,1055
33709,10493,4167,6326
33710,14176,9824,4352
33711,6180,5063,1117
33712,9340,6736,2604
33713,14053,8489,5564
33714,8172,7543,629
33715,3672,1146,2526
33716,9557,4717,4840
33744,0,12474,-12474
33755,10529,290,10239
33756,13378,8902,4476
33759,7746,2997,4749
33760,7524,3640,3884
33761,8881,11470,-2589
33762,2655,3804,-1149
33763,9755,12811,-3056
33764,12091,14403,-2312
33765,6526,4156,2370
33767,4120,8246,-4126
33770,11275,2093,9182
33771,12788,2183,10605
33772,9904,6587,3317
33773,7043,8306,-1263
33774,8330,10364,-2034
33776,5004,12712,-7708
33777,7057,8115,-1058
33778,6219,15286,-9067
33781,10384,124,10260
33782,9249,14589,-5340
33785,2477,17962,-15485
33786,718,4760,-4042
33801,11630,7846,3784
33803,11878,5,11873
33805,9473,648,8825
33809,11272,12982,-1710
33810,18926,13061,5865
33811,8554,7177,1377
33812,4556,3323,1233
33813,13391,10960,2431
33815,6004,5494,510
33823,12068,8268,3800
33825,9905,7505,2400
33827,879,17013,-16134
33830,9917,937,8980
33834,1652,18698,-17046
33835,29,5083,-5054
33837,11775,4770,7005
33838,1492,4287,-2795
33839,1260,1236,24
33840,23,4669,-4646
33841,2841,993,1848
33843,3942,384,3558
33844,14563,15377,-814
33847,102,11150,-11048
33848,209,15081,-14872
33849,168,11247,-11079
33850,3175,5277,-2102
33851,255,18864,-18609
33852,8995,1511,7484
33853,4452,1117,3335
33854,273,9036,-8763
33855,37,10594,-10557
33856,235,297,-62
33857,619,12238,-11619
33858,188,259,-71
33859,4263,8121,-3858
33860,8556,4997,3559
33865,291,7595,-7304
33867,90,1063,-973
33868,4146,4636,-490
33870,10974,9213,1761
33872,5834,15432,-9598
33873,4741,7449,-2708
33875,4734,605,4129
33876,2501,1501,1000
33877,125,2368,-2243
33880,14590,3833,10757
33881,13437,3332,10105
33884,13607,5418,8189
33890,1400,6546,-5146
33896,6471,16724,-10253
33897,8803,19375,-10572
33898,6670,2096,4574
33901,9246,10782,-1536
33903,10902,5777,5125
33904,14605,8986,5619
33905,13046,1402,11644
33907,10805,9868,937
33908,18899,13223,5676
33909,11751,4838,6913
33912,8609,9959,-1350
33913,10000,1951,8049
33914,17216,10823,6393
33916,9339,7328,2011
33917,13709,4971,8738
33919,14015,16351,-2336
33920,2401,3939,-1538
33921,435,3065,-2630
33922,1779,1181,598
33924,35,9383,-9348
33928,13072,8205,4867
33930,292,18,274
33931,4695,1592,3103
33935,6924,6516,408
33936,9360,707,8653
33944,106,10307,-10201
33946,1374,7627,-6253
33947,4885,9229,-4344
33948,7666,2945,4721
33950,11693,29,11664
33952,14601,1219,13382
33953,3037,1289,1748
33954,4108,519,3589
33955,4684,93,4591
33956,1719,5586,-3867
33957,3471,2164,1307
33960,304,3045,-2741
33965,0,3232,-3232
33966,4491,5436,-945
33967,9185,2100,7085
33971,7847,1628,6219
33972,4405,3303,1102
33973,4037,37,4000
33974,5180,1146,4034
33976,4708,1705,3003
33980,6038,8067,-2029
33981,5448,4669,779
33982,4157,3539,618
33983,6812,136,6676
33990,12993,452,12541
33991,9004,2656,6348
33993,9987,1438,8549
34101,0,4388,-4388
34102,5334,3280,2054
34103,5535,181,5354
34104,10888,6430,4458
34105,7766,2096,5670
34108,8389,951,7438
34109,11908,40,11868
34110,12584,5122,7462
34112,12938,840,12098
34113,10341,3283,7058
34114,8634,5604,3030
34116,10541,0,10541
34117,5331,1214,4117
34119,13477,3114,10363
34120,12228,625,11603
34134,7754,988,6766
34135,19189,920,18269
34137,139,5694,-5555
34138,326,3225,-2899
34139,61,614,-553
34140,60,612,-552
34141,16,5579,-5563
34142,8598,131,8467
34145,8131,2409,5722
34201,1706,5228,-3522
34202,9519,1567,7952
34203,16032,1993,14039
34205,12856,1222,11634
34207,14881,30,14851
34208,13860,5260,8600
34209,15080,5430,9650
34210,7618,8883,-1265
34211,5004,3746,1258
34212,8462,7717,745
34215,357,3771,-3414
34216,610,3671,-3061
34217,2042,1328,714
34219,9253,1720,7533
34221,18247,1432,16815
34222,5552,702,4850
34223,9827,784,9043
34224,7624,75,7549
34228,4106,1280,2826
34229,3534,3583,-49
34231,15069,2133,12936
34232,14658,1216,13442
34233,8415,124,8291
34234,8696,7826,870
34235,6935,2969,3966
34236,7186,9654,-2468
34237,6940,1372,5568
34238,10711,1255,9456
34239,6708,8911,-2203
34240,4975,1920,3055
34241,5865,384,5481
34242,3962,1362,2600
34243,13301,3504,9797
34250,145,5027,-4882
34251,2322,188,2134
34266,9826,2214,7612
34267,39,1791,-1752
34268,86,6,80
34269,2256,791,1465
34275,9789,1356,8433
34285,10348,4613,5735
34286,7418,9494,-2076
34287,11635,6809,4826
34288,5010,3626,1384
34289,1434,5795,-4361
34291,2460,12009,-9549
34292,7919,5769,2150
34293,21260,11421,9839
34420,7081,5147,1934
34428,4028,5625,-1597
34429,4057,7203,-3146
34431,3701,17789,-14088
34432,5699,14585,-8886
34433,2973,5589,-2616
34434,3421,3165,256
34436,3645,2176,1469
34442,7673,3897,3776
34445,0,4051,-4051
34446,8033,2496,5537
34448,4699,11872,-7173
34449,1394,3906,-2512
34450,4984,9,4975
34452,5378,343,5035
34453,4194,2103,2091
34461,4557,7857,-3300
34465,8026,19564,-11538
34470,8723,7718,1005
34471,10885,12340,-1455
34472,11911,82,11829
34473,7397,11375,-3978
34474,7418,7328,90
34475,4788,15493,-10705
34476,10931,5491,5440
34479,5542,420,5122
34480,8398,2008,6390
34481,11958,611,11347
34482,7422,1244,6178
34484,2769,675,2094
34487,0,1325,-1325
34488,4886,1319,3567
34491,13125,3892,9233
34498,292,1168,-876
34601,10336,56,10280
34602,2980,158,2822
34604,4425,294,4131
34606,12399,173,12226
34607,3701,805,2896
34608,14207,1810,12397
34609,16397,590,15807
34610,5531,221,5310
34613,8360,2251,6109
34614,2719,47,2672
34637,3075,1851,1224
34638,10292,5632,4660
34639,10454,2067,8387
34652,11249,4910,6339
34653,15021,2789,12232
34654,8938,87,8851
34655,18283,412,17871
34661,166,1706,-1540
34667,15467,1335,14132
34668,21043,4211,16832
34669,5467,3142,2325
34677,8788,5322,3466
34679,33,795,-762
34681,422,1336,-914
34683,13571,483,13088
34684,13090,618,12472
34685,7345,401,6944
34688,3399,38,3361
34689,11529,1513,10016
34690,5163,809,4354
34691,9391,1858,7533
34695,7116,2253,4863
34698,18883,512,18371
34705,1122,1813,-691
34711,24097,418,23679
34714,8159,4128,4031
34715,7537,12,7525
34729,16,1843,-1827
34731,4754,987,3767
34734,1300,5134,-3834
34736,9232,4504,4728
34737,1654,449,1205
34739,247,434,-187
34741,16380,529,15851
34743,11739,366,11373
34744,17589,1254,16335
34746,14803,17,14786
34747,8069,2229,5840
34748,19237,1125,18112
34753,1885,1519,366
34756,1298,2075,-777
34758,10796,1791,9005
34759,12708,246,12462
34760,304,629,-325
34761,14022,1985,12037
34762,143,478,-335
34769,8879,1738,7141
34771,7042,812,6230
34772,8931,3235,5696
34773,1220,13173,-11953
34785,6249,12344,-6095
34786,14869,838,14031
34787,26245,10474,15771
34788,8832,6487,2345
34797,641,2916,-2275
34945,1461,0,1461
34946,2523,1648,875
34947,4076,842,3234
34949,4435,1992,2443
34950,6250,3278,2972
34951,6997,1042,5955
34952,17478,2742,14736
34953,24483,14815,9668
34956,2484,8263,-5779
34957,10730,3706,7024
34972,6085,9242,-3157
34974,10109,1214,8895
34981,1662,5725,-4063
34982,10768,1598,9170
34983,15387,435,14952
34984,6161,1409,4752
34986,11487,35,11452
34987,5464,5767,-303
34990,12039,456,11583
34994,7841,3114,4727
34996,5825,4332,1493
34997,18365,3251,15114
35004,4616,3859,757
35005,2869,7104,-4235
35006,1190,3052,-1862
35007,9896,1015,8881
35010,8082,2516,5566
35013,27,2766,-2739
35014,1683,7531,-5848
35016,6446,636,5810
35019,867,2077,-1210
35020,10145,1375,8770
35022,9062,1217,7845
35023,8632,1000,7632
35031,2601,125,2476
35032,22,370,-348
35033,1250,2135,-885
35034,1276,2433,-1157
35035,364,7100,-6736
35036,75,4443,-4368
35040,6688,131,6557
35042,2248,769,1479
35043,4325,1788,2537
35044,3310,215,3095
35045,5676,3333,2343
35046,1895,4759,-2864
35049,1373,16024,-14651
35051,2897,2386,511
35052,19,2048,-2029
35053,1039,4062,-3023
35054,1538,5078,-3540
35055,9088,241,8847
35057,5022,1496,3526
35058,3862,98,3764
35060,99,4849,-4750
35061,427,3988,-3561
35062,3152,1508,1644
35063,1178,1928,-750
35064,3917,4712,-795
35068,3461,36,3425
35070,42,280,-238
35071,6837,1418,5419
35072,1745,9700,-7955
35073,1260,9861,-8601
35074,50,10509,-10459
35077,5578,9322,-3744
35078,781,7953,-7172
35079,3250,304,2946
35080,6466,11482,-5016
35082,0,9819,-9819
35083,1381,6273,-4892
35085,2894,2742,152
35087,987,0,987
35089,559,7894,-7335
35091,1071,7409,-6338
35094,5690,5675,15
35096,2975,2556,419
35097,709,3807,-3098
35098,533,2881,-2348
35111,6445,7274,-829
35112,0,5009,-5009
35114,2869,2972,-103
35115,6046,2487,3559
35116,1865,4830,-2965
35117,2275,3173,-898
35118,1069,5573,-4504
35119,28,1156,-1128
35120,6239,2158,4081
35121,6224,4715,1509
35124,9752,2359,7393
35125,3961,2610,1351
35126,7508,579,6929
35127,3398,1658,1740
35128,4177,6320,-2143
35130,1411,1527,-116
35131,1252,2058,-806
35133,1272,466,806
35135,842,1549,-707
35136,764,559,205
35143,1244,520,724
35146,3915,6327,-2412
35147,2004,2083,-79
35148,956,462,494
35149,80,1791,-1711
35150,7029,878,6151
35151,2979,1553,1426
35160,10192,890,9302
35171,1215,2688,-1473
35172,1024,1150,-126
35173,10343,639,9704
35175,2040,1134,906
35176,355,4,351
35178,1190,737,453
35179,3033,664,2369
35180,4968,518,4450
35181,13,1240,-1227
35183,312,2014,-1702
35184,1891,188,1703
35185,0,1420,-1420
35186,1924,651,1273
35188,829,412,417
35203,1563,3888,-2325
35204,4167,2073,2094
35205,9251,1217,8034
35206,6388,431,5957
35207,3131,6226,-3095
35208,5663,828,4835
35209,12457,311,12146
35210,6074,145,5929
35211,11273,19,11254
35212,4245,835,3410
35213,6153,1641,4512
35214,7171,343,6828
35215,17142,785,16357
35216,15492,768,14724
35217,4759,5509,-750
35218,2755,41,2714
35221,1517,83,1434
35222,3768,1444,2324
35223,4514,446,4068
35224,1971,463,1508
35226,14283,1373,12910
35228,3820,578,3242
35229,0,487,-487
35233,1596,607,989
35234,1941,2240,-299
35235,8290,851,7439
35242,23129,433,22696
35243,8474,790,7684
35244,13462,5742,7720
35249,0,2508,-2508
35254,0,6775,-6775
35401,12352,9931,2421
35404,8051,763,7288
35405,18842,345,18497
35406,7178,876,6302
35441,353,5025,-4672
35442,1713,3763,-2050
35443,471,851,-380
35444,1570,6447,-4877
35446,724,0,724
35447,1220,3798,-2578
35452,1494,1404,90
35453,4294,2834,1460
35456,1712,1379,333
35457,57,7536,-7479
35458,210,3662,-3452
35459,432,2960,-2528
35460,322,4478,-4156
35461,836,6193,-5357
35462,1813,3474,-1661
35463,725,8175,-7450
35464,158,10423,-10265
35466,2015,4631,-2616
35469,217,5153,-4936
35470,1632,16,1616
35473,7590,211,7379
35474,2244,216,2028
35475,6762,16532,-9770
35476,3071,20686,-17615
35477,33,7729,-7696
35480,505,6615,-6110
35481,1300,356,944
35487,0,4390,-4390
35490,1833,8500,-6667
35491,0,1811,-1811
35501,3548,2097,1451
35503,3674,351,3323
35504,5207,717,4490
35540,969,559,410
35541,1480,1655,-175
35542,372,437,-65
35543,472,319,153
35544,330,3413,-3083
35545,59,7606,-7547
35546,1380,2349,-969
35548,849,51,798
35549,1446,2010,-564
35550,1956,411,1545
35552,464,2132,-1668
35553,1772,5230,-3458
35554,408,1215,-807
35555,3693,4231,-538
35559,12,908,-896
35563,1386,1936,-550
35564,851,1606,-755
35565,4448,1004,3444
35570,4281,1629,2652
35571,248,13925,-13677
35572,677,11416,-10739
35573,4,5567,-5563
35574,520,2825,-2305
35575,434,1071,-637
35576,1233,2347,-1114
35577,2,101,-99
35578,2014,193,1821
35579,1267,484,783
35580,1426,174,1252
35581,1858,564,1294
35582,1880,938,942
35584,91,1498,-1407
35585,502,599,-97
35586,1468,3627,-2159
35587,258,3304,-3046
35592,1698,13097,-11399
35593,614,2439,-1825
35594,2565,583,1982
35601,13231,2194,11037
35603,13724,2943,10781
35610,687,483,204
35611,11416,2659,8757
35613,7803,1448,6355
35614,2592,1868,724
35615,0,800,-800
35616,1438,8278,-6840
35618,834,1228,-394
35619,1723,377,1346
35620,4248,238,4010
35621,1032,301,731
35622,2461,376,2085
35630,14573,3045,11528
35632,0,879,-879
35633,8210,2904,5306
35634,4084,4022,62
35640,9942,3454,6488
35643,1542,359,1183
35645,4929,6045,-1116
35646,1814,951,863
35647,379,166,213
35648,1223,100,1123
35649,32,174,-142
35650,4980,1539,3441
35651,474,1574,-1100
35652,3664,313,3351
35653,3536,1772,1764
35654,2903,192,2711
35660,4282,1925,2357
35661,7466,929,6537
35670,2383,10,2373
35671,654,177,477
35672,2009,757,1252
35673,2685,4205,-1520
35674,7321,4091,3230
35677,771,23,748
35739,2129,510,1619
35740,1493,36,1457
35741,1703,1205,498
35744,705,842,-137
35745,56,15,41
35746,272,1975,-1703
35747,2287,763,1524
35748,2834,147,2687
35749,8869,369,8500
35750,5003,158,4845
35751,94,6337,-6243
35752,936,443,493
35754,2260,6382,-4122
35755,205,669,-464
35756,7855,255,7600
35757,6344,26,6318
35758,19142,217,18925
35759,3967,1062,2905
35760,1731,1959,-228
35761,4780,2293,2487
35763,7010,755,6255
35764,259,461,-202
35765,1681,712,969
35766,79,11586,-11507
35768,4743,5021,-278
35769,4123,536,3587
35771,1102,135,967
35772,1856,2888,-1032
35773,5475,11675,-6200
35774,58,10360,-10302
35775,207,210,-3
35776,1322,330,992
35801,10555,298,10257
35802,11209,5431,5778
35803,11846,5320,6526
35805,9252,34,9218
35806,12886,4174,8712
35808,379,3557,-3178
35810,12067,434,11633
35811,11011,2487,8524
35816,6758,42,6716
35824,4218,2794,1424
35896,0,1274,-1274
35901,7123,335,6788
35903,7051,58,6993
35904,5056,1599,3457
35905,2196,91,2105
35906,3882,1044,2838
35907,2971,2618,353
35950,7185,495,6690
35951,4526,9,4517
35952,3221,4705,-1484
35953,2770,16,2754
35954,4642,365,4277
35956,2983,5525,-2542
35957,5961,2360,3601
35958,1186,536,650
35959,1774,6957,-5183
35960,3452,1547,1905
35961,2049,609,1440
35962,2846,634,2212
35963,495,2238,-1743
35966,1259,142,1117
35967,6287,9700,-3413
35968,1766,221,1545
35971,1928,308,1620
35972,463,336,127
35973,1120,3928,-2808
35974,644,0,644
35975,449,453,-4
35976,6683,2888,3795
35978,1804,4069,-2265
35979,382,10993,-10611
35980,1915,8031,-6116
35981,649,3190,-2541
35983,1488,15037,-13549
35984,747,10381,-9634
35986,3075,4918,-1843
35987,932,2451,-1519
35988,802,1948,-1146
35989,1288,4679,-3391
35990,0,86,-86
36003,1056,0,1056
36005,563,5123,-4560
36006,699,6076,-5377
36008,0,5379,-5379
36009,866,0,866
36010,1852,7354,-5502
36013,148,17265,-17117
36016,1484,8695,-7211
36017,791,5213,-4422
36020,414,258,156
36022,5373,169,5204
36024,2208,38,2170
36025,1581,1694,-113
36026,541,86,455
36027,5768,175,5593
36028,588,3418,-2830
36029,334,493,-159
36030,126,301,-175
36031,26,669,-643
36032,862,873,-11
36033,1306,2856,-1550
36034,309,1381,-1072
36035,733,415,318
36036,743,1173,-430
36037,4345,309,4036
36038,25,720,-695
36039,92,28,64
36040,1345,232,1113
36041,530,1854,-1324
36042,404,717,-313
36043,1307,533,774
36046,491,438,53
36047,385,69,316
36048,581,639,-58
36049,1941,1,1940
36051,1004,808,196
36052,357,261,96
36053,910,845,65
36054,5706,263,5443
36057,0,257,-257
36064,4305,490,3815
36066,8677,1142,7535
36067,9971,324,9647
36069,919,2717,-1798
36071,163,519,-356
36075,731,1142,-411
36078,5207,27,5180
36079,3340,480,2860
36080,843,282,561
36081,5606,8842,-3236
36082,0,7008,-7008
36083,3399,13818,-10419
36088,1105,10091,-8986
36089,2547,0,2547
36091,1532,979,553
36092,7752,923,6829
36093,4235,3297,938
36101,0,6154,-6154
36104,3825,683,3142
36105,4383,1271,3112
36106,6220,187,6033
36107,3095,0,3095
36108,6363,621,5742
36109,10058,1174,8884
36110,3952,2410,1542
36111,4790,4745,45
36112,17,12,5
36113,270,1618,-1348
36114,0,8833,-8833
36115,242,7104,-6862
36116,17215,6206,11009
36117,21303,666,20637
36130,0,3323,-3323
36201,7388,1712,5676
36203,7026,4241,2785
36205,423,920,-497
36206,4172,170,4002
36207,7663,1552,6111
36250,1534,785,749
36251,2035,931,1104
36255,402,26,376
36256,625,655,-30
36258,550,48,502
36260,1398,234,1164
36262,567,220,347
36263,156,842,-686
36264,3142,534,2608
36265,8338,217,8121
36266,2377,1319,1058
36267,13,1939,-1926
36268,2135,922,1213
36269,544,31083,-30539
36271,2300,669,1631
36272,5134,6578,-1444
36273,1150,375,775
36274,4123,765,3358
36276,997,365,632
36277,1924,1806,118
36278,1740,2067,-327
36279,914,629,285
36280,1585,2258,-673
36301,15084,843,14241
36303,11898,17788,-5890
36305,6350,343,6007
36310,2408,2112,296
36311,912,2730,-1818
36312,2339,1405,934
36313,140,1632,-1492
36314,207,3121,-2914
36316,790,2485,-1695
36317,266,1102,-836
36318,554,2275,-1721
36319,878,2001,-1123
36320,1304,16102,-14798
36321,761,24067,-23306
36322,3922,15842,-11920
36323,2970,1409,1561
36330,14726,963,13763
36340,2327,2246,81
36343,535,1114,-579
36344,2100,720,1380
36345,3146,1381,1765
36346,474,789,-315
36350,2940,10372,-7432
36351,1509,384,1125
36352,1882,2856,-974
36353,581,508,73
36360,7823,872,6951
36362,1461,2130,-669
36370,398,3855,-3457
36371,195,18336,-18141
36373,217,16645,-16428
36374,222,9287,-9065
36375,2611,6532,-3921
36376,915,11807,-10892
36401,2577,4982,-2405
36420,4076,2450,1626
36421,3581,22237,-18656
36425,293,15276,-14983
36426,5328,377,4951
36432,665,894,-229
36435,167,3045,-2878
36436,202,2447,-2245
36439,34,5136,-5102
36441,1461,1496,-35
36442,1231,10500,-9269
36444,252,15816,-15564
36445,1901,4819,-2918
36446,136,7941,-7805
36451,1800,650,1150
36453,940,2262,-1322
36454,22,961,-939
36455,116,1795,-1679
36456,648,2443,-1795
36460,3735,12795,-9060
36467,3958,15762,-11804
36470,0,605,-605
36471,310,16532,-16222
36473,74,5563,-5489
36474,1051,14760,-13709
36475,623,18395,-17772
36476,11,19914,-19903
36477,1511,39,1472
36480,575,1113,-538
36481,69,3148,-3079
36482,363,1064,-701
36483,211,8861,-8650
36502,6053,58,5995
36503,0,442,-442
36505,366,780,-414
36507,7121,1354,5767
36509,593,1331,-738
36511,271,833,-562
36512,7,2375,-2368
36513,104,8101,-7997
36518,785,718,67
36521,1949,2052,-103
36522,2454,165,2289
36523,932,1950,-1018
36524,428,11466,-11038
36525,744,22,722
36526,12682,5010,7672
36527,5926,18312,-12386
36528,773,318,455
36529,86,10566,-10480
36530,2870,9270,-6400
36532,13481,463,13018
36535,15286,867,14419
36538,146,3470,-3324
36539,203,1140,-937
36540,257,588,-331
36541,5214,1225,3989
36542,7926,2475,5451
36543,5,3652,-3647
36544,4263,3291,972
36545,3151,2457,694
36547,0,5091,-5091
36548,319,1205,-886
36549,2314,3489,-1175
36550,143,1606,-1463
36551,3873,557,3316
36553,1007,5369,-4362
36555,446,5313,-4867
36556,54,10424,-10370
36558,1421,10534,-9113
36559,69,12878,-12809
36560,1075,6102,-5027
36561,4029,14230,-10201
36562,532,5902,-5370
36564,0,28844,-28844
36567,5051,6533,-1482
36568,55,39,16
36569,231,13200,-12969
36571,6421,9840,-3419
36572,2395,7730,-5335
36574,485,11876,-11391
36575,7610,5130,2480
36576,1701,828,873
36578,448,2300,-1852
36579,430,16243,-15813
36580,2072,780,1292
36581,132,36,96
36582,9216,0,9216
36583,304,0,304
36584,272,502,-230
36585,297,1204,-907
36587,3942,10278,-6336
36602,588,345,243
36603,2971,1053,1918
36604,3825,2032,1793
36605,9965,790,9175
36606,7943,814,7129
36607,2545,1658,887
36608,15134,10193,4941
36609,11099,11948,-849
36610,3671,609,3062
36611,2316,86,2230
36612,1414,1196,218
36613,4140,804,3336
36615,0,7089,-7089
36617,5012,3034,1978
36618,6801,11278,-4477
36619,5606,2115,3491
36652,0,603,-603
36663,4,144,-140
36688,96,4432,-4336
36693,7609,564,7045
36695,19367,2412,16955
36701,7746,2870,4876
36703,4756,3259,1497
36720,237,940,-703
36722,66,227,-161
36723,123,8833,-8710
36726,1734,1003,731
36727,76,1654,-1578
36728,137,547,-410
36732,3178,1041,2137
36736,424,754,-330
36738,284,212,72
36740,361,5019,-4658
36741,0,1287,-1287
36742,1029,15887,-14858
36744,2194,870,1324
36748,893,3030,-2137
36749,297,511,-214
36750,844,711,133
36751,136,325,-189
36752,498,1208,-710
36753,27,1580,-1553
36754,136,6532,-6396
36756,1490,10070,-8580
36758,453,1055,-602
36759,716,1975,-1259
36761,303,326,-23
36763,38,580,-542
36764,0,626,-626
36765,513,1204,-691
36766,16,11694,-11678
36767,371,495,-124
36768,325,390,-65
36769,829,3426,-2597
36773,99,313,-214
36775,584,1688,-1104
36776,569,1139,-570
36782,776,751,25
36783,324,1130,-806
36784,2040,188,1852
36785,426,5722,-5296
36786,981,10380,-9399
36790,238,2294,-2056
36792,469,3628,-3159
36793,191,3170,-2979
36801,9454,1387,8067
36804,6961,10043,-3082
36830,19492,460,19032
36832,10248,54,10194
36849,0,87,-87
36850,1117,3994,-2877
36851,0,5855,-5855
36852,761,2161,-1400
36853,3238,1368,1870
36854,6201,4853,1348
36855,561,6729,-6168
36856,2737,5656,-2919
36858,224,3114,-2890
36860,775,650,125
36861,1218,1137,81
36862,2115,1667,448
36863,4549,7570,-3021
36865,13,9255,-9242
36866,1670,10771,-9101
36867,8852,5982,2870
36869,8732,2615,6117
36870,7254,19231,-11977
36871,435,16170,-15735
36874,3487,15248,-11761
36875,1445,0,1445
36877,4020,7935,-3915
36879,826,2172,-1346
36901,34,5588,-5554
36904,1582,5514,-3932
36907,794,16796,-16002
36908,682,1535,-853
36910,6,3427,-3421
36912,640,6102,-5462
36913,23,14301,-14278
36915,290,2113,-1823
36916,307,5219,-4912
36919,700,1684,-984
36921,641,498,143
36922,205,1839,-1634
36925,1337,10907,-9570
37010,1821,17564,-15743
37012,872,6090,-5218
37013,35483,11068,24415
37014,1220,2355,-1135
37015,7047,239,6808
37016,409,2500,-2091
37018,750,18,732
37019,266,5187,-4921
37020,1974,3039,-1065
37022,2281,1957,324
37023,529,401,128
37025,1902,1652,250
37026,965,310,655
37027,21914,1845,20069
37028,194,812,-618
37029,2451,2952,-501
37030,3099,1783,1316
37031,1645,2710,-1065
37032,1732,1434,298
37033,3046,415,2631
37034,2915,2089,826
37035,1433,551,882
37036,2055,1773,282
37037,2672,280,2392
37040,21037,10118,10919
37042,30082,48,30034
37043,18988,4991,13997
37046,2180,2489,-309
37047,836,414,422
37048,2374,1065,1309
37049,1383,6203,-4820
37050,623,731,-108
37051,1431,969,462
37052,844,558,286
37055,10449,29,10420
37057,320,217,103
37058,2825,61,2764
37059,588,11,577
37060,963,2252,-1289
37061,1625,2559,-934
37062,4778,2273,2505
37064,22401,10758,11643
37066,22478,7696,14782
37067,12896,7189,5707
37069,7019,2433,4586
37072,13324,370,12954
37073,4974,1724,3250
37074,2936,1081,1855
37075,26699,1221,25478
37076,16614,3593,13021
37078,171,5104,-4933
37079,1018,1196,-178
37080,3001,6641,-3640
37082,2222,3701,-1479
37083,5851,214,5637
37085,1909,7493,-5584
37086,12593,2414,10179
37087,18754,1215,17539
37090,5959,6132,-173
37091,8597,4448,4149
37095,953,7832,-6879
37096,2126,4944,-2818
37097,757,1710,-953
37098,2170,9833,-7663
37101,2171,12065,-9894
37110,12962,9518,3444
37115,17142,1068,16074
37118,449,3667,-3218
37122,22563,1110,21453
37127,6901,763,6138
37128,24552,1372,23180
37129,20894,7075,13819
37130,22855,12746,10109
37132,0,2031,-2031
37134,1004,269,735
37135,6566,2811,3755
37137,1136,9404,-8268
37138,9527,3535,5992
37140,83,1654,-1571
37141,494,737,-243
37142,711,777,-66
37143,1443,12830,-11387
37144,1296,4074,-2778
37145,1013,3826,-2813
37146,2866,1449,1417
37148,8820,255,8565
37149,920,2067,-1147
37150,1693,971,722
37151,238,107,131
37153,1845,9122,-7277
37160,12616,9,12607
37165,26,1080,-1054
37166,5676,1414,4262
37167,21585,5252,16333
37171,358,8803,-8445
37172,11514,1510,10004
37174,16722,3286,13436
37175,341,9440,-9099
37178,835,2720,-1885
37179,5088,8161,-3073
37180,1454,677,777
37181,678,2220,-1542
37183,1311,1830,-519
37184,2638,3442,-804
37185,3392,683,2709
37186,3651,1749,1902
37187,2962,5338,-2376
37188,6288,11470,-5182
37189,1655,3010,-1355
37190,3416,206,3210
37191,1525,4267,-2742
37201,857,1772,-915
37203,10819,910,9909
37204,6632,1337,5295
37205,11588,2062,9526
37206,12176,1707,10469
37207,15745,1850,13895
37208,8114,1054,7060
37209,17410,2640,14770
37210,7154,1301,5853
37211,29394,818,28576
37212,6896,1132,5764
37213,24,6741,-6717
37214,14203,10496,3707
37215,10345,8584,1761
37216,8572,3198,5374
37217,12416,3118,9298
37218,5877,12747,-6870
37219,991,17802,-16811
37220,2456,12948,-10492
37221,18388,17070,1318
37228,1249,12484,-11235
37232,0,11912,-11912
37238,0,12228,-12228
37301,376,4922,-4546
37302,1885,10147,-8262
37303,9900,5207,4693
37305,385,8780,-8395
37306,892,6610,-5718
37307,1882,1701,181
37308,1010,12548,-11538
37309,853,3502,-2649
37310,1430,1970,-540
37311,11117,26,11091
37312,13706,3254,10452
37313,522,3244,-2722
37315,0,5642,-5642
37316,0,1034,-1034
37317,1217,17040,-15823
37318,714,15612,-14898
37321,7634,13346,-5712
37322,3304,5984,-2680
37323,12005,84,11921
37324,2255,2118,137
37325,730,11042,-10312
37326,245,2448,-2203
37327,4441,0,4441
37328,567,315,252
37329,2561,1205,1356
37330,2813,189,2624
37331,2807,729,2078
37332,952,551,401
37333,231,2139,-1908
37334,9380,1132,8248
37335,1071,306,765
37336,1883,286,1597
37337,402,26,376
37338,1077,73,1004
37339,540,1696,-1156
37340,207,198,9
37341,5216,1548,3668
37342,1460,10320,-8860
37343,16815,20,16795
37345,969,1273,-304
37347,3464,3222,242
37348,312,2661,-2349
37350,770,3698,-2928
37351,150,387,-237
37352,1211,6470,-5259
37353,2033,984,1049
37354,6959,554,6405
37355,10981,4119,6862
37356,1040,848,192
37357,2011,32,1979
37359,436,1388,-952
37360,714,370,344
37361,760,16,744
37362,1351,1423,-72
37363,14878,1038,13840
37365,536,6163,-5627
37366,425,12090,-11665
37367,3907,2807,1100
37369,178,9463,-9285
37370,2124,6589,-4465
37373,1119,6544,-5425
37374,666,16407,-15741
37375,1053,16713,-15660
37376,216,6572,-6356
37377,6159,10311,-4152
37379,10781,15749,-4968
37380,2444,13991,-11547
37381,3959,11443,-7484
37383,0,13867,-13867
37385,3070,9476,-6406
37387,1453,6068,-4615
37388,10692,9172,1520
37391,636,13446,-12810
37394,51,2316,-2265
37396,110,15013,-14903
37397,4004,15188,-11184
37398,6150,0,6150
37402,2421,0,2421
37403,1801,7546,-5745
37404,5123,14744,-9621
37405,8857,10281,-1424
37406,5480,9423,-3943
37407,3168,5411,-2243
37408,1054,7886,-6832
37409,1535,0,1535
37410,1494,3892,-2398
37411,7682,780,6902
37412,9774,1462,8312
37415,10712,1086,9626
37416,6142,326,5816
37419,2600,2348,252
37421,21863,88,21775
37450,0,1206,-1206
37601,16115,1545,14570
37604,16739,739,16000
37614,0,850,-850
37615,9211,1083,8128
37616,1982,87,1895
37617,5549,237,5312
37618,5231,6525,-1294
37620,16327,898,15429
37640,1518,444,1074
37641,4014,8268,-4254
37642,6194,1145,5049
37643,13970,535,13435
37645,2251,13,2238
37650,5393,934,4459
37656,1484,1375,109
37657,349,1795,-1446
37658,1550,637,913
37659,11463,388,11075
37660,17343,1431,15912
37663,6070,6552,-482
37664,12553,13361,-808
37665,2180,18212,-16032
37680,197,2482,-2285
37681,2495,436,2059
37682,31,1144,-1113
37683,4969,1353,3616
37686,3148,1223,1925
37687,1777,927,850
37688,485,152,333
37690,1966,4505,-2539
37691,221,969,-748
37692,2124,1015,1109
37694,888,183,705
37701,3398,264,3134
37705,1733,1448,285
37708,2633,1716,917
37709,1479,524,955
37710,421,229,192
37711,2053,647,1406
37713,533,529,4
37714,1648,224,1424
37715,331,4707,-4376
37716,10468,1028,9440
37719,23,498,-475
37721,5595,6607,-1012
37722,2645,3176,-531
37723,563,786,-223
37724,1189,89,1100
37725,6442,415,6027
37726,654,7306,-6652
37727,859,125,734
37729,553,1943,-1390
37730,20,955,-935
37731,226,1247,-1021
37732,17,4492,-4475
37733,0,155,-155
37737,2547,297,2250
37738,1910,380,1530
37742,2391,2468,-77
37743,9727,0,9727
37745,7390,738,6652
37748,7014,1073,5941
37752,2384,613,1771
37753,372,653,-281
37754,1432,326,1106
37755,1144,478,666
37756,1286,6846,-5560
37757,4033,782,3251
37760,4823,3523,1300
37762,1098,71,1027
37763,6645,436,6209
37764,3763,295,3468
37765,253,575,-322
37766,7144,3698,3446
37769,2254,212,2042
37770,1263,785,478
37771,6818,318,6500
37772,5308,514,4794
37774,8300,264,8036
37777,5227,21335,-16108
37779,1331,596,735
37801,11147,1177,9970
37803,13025,1077,11948
37804,9669,1999,7670
37806,1279,513,766
37807,4090,149,3941
37809,831,486,345
37810,614,53,561
37811,1723,1286,437
37813,6614,224,6390
37814,13298,250,13048
37818,2156,590,1566
37819,241,549,-308
37820,2804,4068,-1264
37821,8641,1077,7564
37825,3831,9161,-5330
37826,1851,2051,-200
37828,778,1559,-781
37829,630,224,406
37830,13056,1028,12028
37840,3943,350,3593
37841,3707,3171,536
37843,1813,241,1572
37845,112,532,-420
37846,1489,1087,402
37847,1030,7261,-6231
37848,47,400,-353
37849,10828,621,10207
37851,0,1869,-1869
37852,1171,2696,-1525
37853,1386,306,1080
37854,4741,230,4511
37857,7685,904,6781
37860,1556,15380,-13824
37861,3431,394,3037
37862,8787,0,8787
37863,2379,10089,-7710
37865,8987,709,8278
37866,661,10,651
37869,1929,235,1694
37870,1857,2703,-846
37871,3506,476,3030
37872,648,615,33
37873,1738,226,1512
37874,6338,1811,4527
37876,12376,1688,10688
37877,3403,167,3236
37878,173,992,-819
37879,4784,412,4372
37880,1546,7879,-6333
37881,779,5039,-4260
37882,1306,3710,-2404
37885,2591,438,2153
37886,1529,534,995
37887,1900,2619,-719
37888,1297,970,327
37890,3058,160,2898
37891,1402,462,940
37892,834,340,494
37902,1534,853,681
37909,7560,155,7405
37912,9766,4009,5757
37914,8737,5297,3440
37915,2739,4039,-1300
37916,2992,990,2002
37917,12255,3214,9041
37918,18524,501,18023
37919,13356,439,12917
37920,17461,52,17409
37921,10972,392,10580
37922,14245,744,13501
37923,13054,1604,11450
37924,5234,602,4632
37929,0,9148,-9148
37931,11904,1461,10443
37932,7405,492,6913
37934,10570,319,10251
37938,6660,90,6570
38001,1696,850,846
38002,14555,1165,13390
38004,4047,5332,-1285
38006,1893,1196,697
38007,6,6092,-6086
38008,3652,7086,-3434
38011,3338,283,3055
38012,5234,4102,1132
38015,892,1594,-702
38016,18536,1441,17095
38017,19699,597,19102
38018,14134,257,13877
38019,5881,114,5767
38021,5,426,-421
38023,1918,495,1423
38024,10532,414,10118
38028,2876,940,1936
38029,15,112,-97
38030,139,395,-256
38034,1328,8646,-7318
38036,70,888,-818
38037,521,5644,-5123
38039,605,8834,-8229
38040,2095,357,1738
38041,1038,843,195
38042,303,704,-401
38044,231,1010,-779
38046,5,73,-68
38047,60,670,-610
38049,1458,1222,236
38050,255,482,-227
38052,1633,1582,51
38053,9687,2563,7124
38054,0,5887,-5887
38057,1383,16759,-15376
38058,3778,13127,-9349
38059,3016,801,2215
38060,4183,989,3194
38061,432,573,-141
38063,6036,4520,1516
38066,1219,1384,-165
38067,711,861,-150
38068,4043,2709,1334
38069,1147,5074,-3927
38070,70,413,-343
38075,1551,13733,-12182
38076,355,3582,-3227
38077,21,195,-174
38079,1242,422,820
38080,964,2332,-1368
38103,7594,8,7586
38104,12667,1903,10764
38105,3157,1998,1159
38106,9414,438,8976
38107,6481,8784,-2303
38108,6634,0,6634
38109,16268,4854,11414
38111,17364,14,17350
38112,6639,202,6437
38113,0,405,-405
38114,9791,226,9565
38115,16352,6,16346
38116,15105,307,14798
38117,11425,150,11275
38118,12665,583,12082
38119,9996,102,9894
38120,6237,6562,-325
38122,8511,220,8291
38125,14997,1015,13982
38126,2421,77,2344
38127,13935,140,13795
38128,15599,269,15330
38131,0,56,-56
38132,0,224,-224
38133,7764,1485,6279
38134,14616,8,14608
38135,10695,3714,6981
38138,10049,516,9533
38139,5742,589,5153
38141,7861,2475,5386
38152,0,472,-472
38201,3654,302,3352
38220,687,781,-94
38221,1241,866,375
38222,772,164,608
38224,296,14,282
38225,2236,29,2207
38226,154,58,96
38229,1127,836,291
38230,1684,1027,657
38231,696,47,649
38232,828,1299,-471
38233,1066,919,147
38235,82,549,-467
38236,407,95,312
38237,5773,11276,-5503
38240,893,6836,-5943
38241,393,5049,-4656
38242,7936,3497,4439
38251,1143,1687,-544
38253,361,972,-611
38254,0,1860,-1860
38255,1100,6800,-5700
38256,1579,1167,412
38257,1839,11333,-9494
38258,575,510,65
38259,282,759,-477
38260,1600,4353,-2753
38261,6554,73,6481
38301,13533,952,12581
38305,20328,1304,19024
38310,2385,274,2111
38311,387,2117,-1730
38313,1344,1183,161
38315,1500,3235,-1735
38316,1071,3576,-2505
38317,1145,1767,-622
38318,168,690,-522
38320,4223,1146,3077
38321,1090,2718,-1628
38326,1362,234,1128
38327,237,2160,-1923
38328,321,1103,-782
38329,1158,6813,-5655
38330,1452,511,941
38332,517,1687,-1170
38333,97,4256,-4159
38334,671,1941,-1270
38337,482,129,353
38338,25,1209,-1184
38339,247,672,-425
38340,4009,1028,2981
38341,1021,597,424
38342,577,1150,-573
38343,6550,299,6251
38344,3399,7164,-3765
38345,628,176,452
38347,117,202,-85
38348,393,1634,-1241
38351,6929,1995,4934
38352,309,1111,-802
38355,2986,271,2715
38356,1200,1708,-508
38357,1106,1492,-386
38358,4402,595,3807
38359,127,258,-131
38361,530,993,-463
38362,444,377,67
38363,2102,92,2010
38365,0,513,-513
38366,883,8844,-7961
38367,1079,650,429
38368,714,1523,-809
38369,665,172,493
38370,414,158,256
38371,385,17,368
38372,6678,159,6519
38374,825,246,579
38375,3238,740,2498
38376,158,54,104
38379,602,90,512
38380,188,530,-342
38381,612,223,389
38382,3478,377,3101
38387,183,534,-351
38388,644,234,410
38389,17,12,5
38390,443,309,134
38391,438,63,375
38392,264,835,-571
38401,24948,64,24884
38425,667,3263,-2596
38449,1182,350,832
38450,1106,2667,-1561
38451,1569,2147,-578
38452,389,749,-360
38453,123,1299,-1176
38454,391,1296,-905
38455,44,12679,-12635
38456,1374,1318,56
38457,237,343,-106
38459,147,9122,-8975
38460,614,14399,-13785
38461,551,5807,-5256
38462,3966,138,3828
38463,988,9316,-8328
38464,9339,668,8671
38468,1949,3952,-2003
38469,1605,37,1568
38471,113,188,-75
38472,1150,1190,-40
38473,359,1649,-1290
38474,3053,633,2420
38475,310,1942,-1632
38476,352,1974,-1622
38477,1220,7354,-6134
38478,6901,5292,1609
38481,389,291,98
38482,600,586,14
38483,2078,460,1618
38485,2510,4031,-1521
38486,504,687,-183
38487,373,65,308
38488,956,4952,-3996
38501,16743,1121,15622
38503,0,1586,-1586
38504,243,2496,-2253
38505,0,371,-371
38506,12114,251,11863
38541,687,692,-5
38542,8,13292,-13284
38543,142,3520,-3378
38544,2707,163,2544
38545,526,3860,-3334
38547,770,43,727
38548,392,1076,-684
38549,1669,3554,-1885
38550,0,2094,-2094
38551,1636,12289,-10653
38552,98,814,-716
38553,1075,450,625
38554,332,1934,-1602
38555,8871,1073,7798
38556,5050,549,4501
38558,4699,1983,2716
38559,549,425,124
38560,420,1330,-910
38562,2477,3502,-1025
38563,895,135,760
38564,293,10758,-10465
38565,291,1205,-914
38567,319,1158,-839
38568,739,60,679
38569,69,174,-105
38570,4119,0,4119
38571,5811,2443,3368
38572,5015,1125,3890
38573,869,3480,-2611
38574,3221,92,3129
38575,375,1820,-1445
38577,532,748,-216
38578,86,25,61
38579,444,316,128
38580,524,12793,-12269
38581,1485,5774,-4289
38582,696,1293,-597
38583,9474,2316,7158
38585,1858,526,1332
38587,570,0,570
38588,388,6116,-5728
38589,111,204,-93
38601,776,3675,-2899
38603,1125,2012,-887
38606,5193,6330,-1137
38610,959,9268,-8309
38611,5848,10348,-4500
38614,6412,10166,-3754
38617,283,10006,-9723
38618,4663,11070,-6407
38619,1906,8476,-6570
38620,1267,1562,-295
38621,669,0,669
38622,282,2853,-2571
38623,72,2861,-2789
38625,595,0,595
38626,392,4476,-4084
38627,644,10038,-9394
38629,658,8090,-7432
38631,497,6382,-5885
38632,10426,11,10415
38633,918,696,222
38635,5165,782,4383
38637,9449,391,9058
38639,197,2313,-2116
38641,787,359,428
38642,924,1454,-530
38643,644,1720,-1076
38644,33,1011,-978
38645,447,764,-317
38646,1115,1299,-184
38647,240,467,-227
38650,1476,759,717
38651,2955,1244,1711
38652,5886,6081,-195
38654,20009,2348,17661
38655,16617,504,16113
38658,979,2361,-1382
38659,951,939,12
38661,855,677,178
38663,4491,167,4324
38664,1229,8876,-7647
38665,994,238,756
38666,2584,586,1998
38668,4849,2560,2289
38670,370,304,66
38671,14273,576,13697
38672,5422,76,5346
38673,470,1686,-1216
38674,513,804,-291
38676,2130,1121,1009
38677,0,738,-738
38680,2545,1263,1282
38683,1456,2804,-1348
38685,594,475,119
38701,8653,5936,2717
38703,4512,16833,-12321
38720,278,15549,-15271
38721,378,0,378
38722,61,1167,-1106
38723,32,1975,-1943
38725,339,1113,-774
38726,180,610,-430
38730,687,5516,-4829
38731,5,509,-504
38732,6008,3452,2556
38733,0,6372,-6372
38736,149,4265,-4116
38737,1157,1798,-641
38738,24,7724,-7700
38740,144,8556,-8412
38744,240,1507,-1267
38745,33,9523,-9490
38746,183,3355,-3172
38748,1042,457,585
38751,3778,1305,2473
38753,520,269,251
38754,508,544,-36
38756,2588,928,1660
38759,555,7688,-7133
38760,305,10971,-10666
38761,679,4854,-4175
38762,882,2557,-1675
38764,132,4425,-4293
38765,40,2479,-2439
38767,21,255,-234
38768,26,751,-725
38769,760,1853,-1093
38771,880,1130,-250
38772,33,790,-757
38773,1181,3515,-2334
38774,664,2376,-1712
38776,6,8299,-8293
38778,499,16766,-16267
38781,59,6711,-6652
38801,11672,6190,5482
38804,6666,3660,3006
38821,4884,3439,1445
38824,2941,7789,-4848
38826,2157,12876,-10719
38827,1469,0,1469
38828,1443,3267,-1824
38829,6592,6367,225
38833,888,2631,-1743
38834,11324,6277,5047
38838,453,716,-263
38839,17,6229,-6212
38841,1325,5220,-3895
38843,4060,13757,-9697
38844,119,6009,-5890
38846,725,4244,-3519
38847,1417,4817,-3400
38848,330,460,-130
38849,1918,2896,-978
38850,1015,4491,-3476
38851,3627,2304,1323
38852,3773,3498,275
38855,1991,4262,-2271
38856,616,9360,-8744
38857,1344,2288,-944
38858,2296,541,1755
38859,194,1475,-1281
38860,2174,500,1674
38862,995,98,897
38863,6852,1225,5627
38864,692,1654,-962
38865,1820,360,1460
38866,4559,1955,2604
38868,2083,236,1847
38869,129,8348,-8219
38870,1074,3055,-1981
38871,693,1292,-599
38873,1180,2195,-1015
38876,475,382,93
38878,1029,733,296
38879,44,967,-923
38901,7464,482,6982
38913,148,1012,-864
38914,277,898,-621
38915,1647,426,1221
38916,1896,3479,-1583
38917,1314,4452,-3138
38920,277,252,25
38921,1507,1955,-448
38922,1214,5838,-4624
38923,506,8608,-8102
38924,152,5628,-5476
38925,902,4658,-3756
38927,293,1610,-1317
38928,108,99,9
38929,696,205,491
38930,8118,1051,7067
38940,601,1902,-1301
38941,1184,602,582
38943,234,598,-364
38944,61,2381,-2320
38946,85,227,-142
38947,27,1225,-1198
38948,944,836,108
38949,139,1045,-906
38950,224,475,-251
38951,399,1052,-653
38952,168,356,-188
38953,190,833,-643
38954,306,17016,-16710
38957,212,0,212
38961,250,40,210
38962,0,1028,-1028
38963,1035,264,771
38964,19,926,-907
38965,3528,80,3448
38966,232,759,-527
38967,2513,6292,-3779
39038,2012,556,1456
39039,1314,853,461
39040,1527,612,915
39041,1390,4078,-2688
39042,13576,4300,9276
39044,1149,3276,-2127
39045,808,178,630
39046,11397,507,10890
39047,15175,223,14952
39051,5551,1573,3978
39054,113,5677,-5564
39056,10573,877,9696
39057,764,248,516
39058,0,2499,-2499
39059,4248,1967,2281
39061,0,245,-245
39062,166,2941,-2775
39063,1116,2926,-1810
39066,1975,715,1260
39067,400,936,-536
39069,1478,1001,477
39071,2499,483,2016
39073,7771,414,7357
39074,4867,555,4312
39078,289,184,105
39079,386,129,257
39082,332,979,-647
39083,3330,191,3139
39086,441,46,395
39088,10,666,-656
39090,4673,1337,3336
39092,1307,704,603
39094,1468,10638,-9170
39095,2050,1990,60
39096,532,69,463
39097,160,1474,-1314
39108,612,517,95
39110,15947,160,15787
39111,3021,897,2124
39113,114,203,-89
39114,3415,2109,1306
39115,55,6957,-6902
39116,896,1314,-418
39117,3512,39,3473
39119,2028,309,1719
39120,11482,1343,10139
39140,888,42,846
39144,245,1727,-1482
39145,2014,6538,-4524
39146,1135,4765,-3630
39148,0,113,-113
39149,629,1088,-459
39150,1796,180,1616
39152,377,159,218
39153,1039,1340,-301
39154,3382,737,2645
39156,268,7315,-7047
39157,10723,0,10723
39159,942,0,942
39160,899,633,266
39162,70,1802,-1732
39166,200,222,-22
39167,0,611,-611
39168,2441,1303,1138
39169,1046,1470,-424
39170,3673,47,3626
39173,0,6135,-6135
39174,39,424,-385
39175,1414,204,1210
39176,842,10,832
39177,51,10308,-10257
39179,582,1840,-1258
39180,11962,905,11057
39183,4861,3196,1665
39189,1153,186,967
39191,2639,5219,-2580
39192,456,498,-42
39193,16,929,-913
39194,5041,212,4829
39201,543,925,-382
39202,3568,471,3097
39203,2040,799,1241
39204,5820,4008,1812
39206,9720,874,8846
39208,12412,13,12399
39209,9905,702,9203
39210,0,262,-262
39211,9832,753,9079
39212,10869,3554,7315
39213,8309,767,7542
39216,1637,2473,-836
39217,78,243,-165
39218,2866,950,1916
39232,3870,2288,1582
39269,0,562,-562
39272,5294,359,4935
39301,9436,1557,7879
39305,8006,1501,6505
39307,6129,174,5955
39309,0,477,-477
39320,633,337,296
39322,625,8929,-8304
39323,489,27,462
39324,0,1996,-1996
39325,2216,12183,-9967
39326,92,110,-18
39327,1450,92,1358
39328,1783,5005,-3222
39330,983,387,596
39332,640,672,-32
39335,875,140,735
39336,414,2643,-2229
39337,668,8986,-8318
39338,1377,7083,-5706
39339,5623,10485,-4862
39341,2027,9150,-7123
39342,673,13317,-12644
39345,2242,5260,-3018
39346,824,255,569
39347,587,6072,-5485
39348,170,8968,-8798
39350,8326,7137,1189
39352,203,7086,-6883
39354,800,18266,-17466
39355,2579,9211,-6632
39356,265,16765,-16500
39358,282,5786,-5504
39359,101,12672,-12571
39360,1220,15417,-14197
39361,624,13981,-13357
39362,1439,9924,-8485
39363,514,8812,-8298
39364,1317,6201,-4884
39365,2831,13321,-10490
39366,333,0,333
39367,5532,12155,-6623
39401,16415,4428,11987
39402,17276,4386,12890
39406,0,11018,-11018
39421,1179,10306,-9127
39422,1713,13933,-12220
39423,1110,100,1010
39425,968,13598,-12630
39426,6450,14795,-8345
39427,461,242,219
39428,3237,2865,372
39429,6224,2474,3750
39437,4251,1212,3039
39439,1734,129,1605
39440,7496,1223,6273
39443,8167,15575,-7408
39451,1106,386,720
39452,10032,7723,2309
39455,3490,37,3453
39456,245,5164,-4919
39459,1443,2049,-606
39461,351,0,351
39462,436,8275,-7839
39464,1033,276,757
39465,8157,1103,7054
39466,10748,260,10488
39470,4179,54,4125
39474,2143,6943,-4800
39475,5429,7868,-2439
39476,2292,15038,-12746
39477,239,383,-144
39478,772,3186,-2414
39479,2213,2610,-397
39480,977,7198,-6221
39481,617,0,617
39482,4117,1011,3106
39483,2034,951,1083
39501,8822,763,8059
39503,19976,700,19276
39507,7507,25,7482
39520,6423,1193,5230
39525,4160,2179,1981
39529,0,8778,-8778
39530,3632,1025,2607
39531,7821,740,7081
39532,13411,2722,10689
39534,0,14402,-14402
39540,4764,958,3806
39553,6638,9279,-2641
39556,2725,0,2725
39560,7145,1384,5761
39561,651,1699,-1048
39562,6802,9424,-2622
39563,4656,19,4637
39564,16632,1988,14644
39565,6905,946,5959
39567,3617,365,3252
39571,5216,5038,178
39572,564,376,188
39573,3347,3643,-296
39574,4480,0,4480
39576,2546,3615,-1069
39577,3489,468,3021
39581,4500,1408,3092
39595,0,399,-399
39601,8854,842,8012
39629,2442,658,1784
39630,466,21065,-20599
39631,1515,113,1402
39633,278,4627,-4349
39635,103,1023,-920
39638,1520,1541,-21
39641,1842,12425,-10583
39643,380,12271,-11891
39645,2153,10688,-8535
39647,233,10885,-10652
39648,8108,0,8108
39652,3143,1031,2112
39653,1031,9519,-8488
39654,1936,13959,-12023
39656,236,326,-90
39657,693,11281,-10588
39661,897,4123,-3226
39662,446,5632,-5186
39663,869,13739,-12870
39664,813,1040,-227
39665,404,16308,-15904
39666,3791,21315,-17524
39667,4460,0,4460
39668,326,11372,-11046
39669,2038,2080,-42
39701,5321,1307,4014
39702,8268,468,7800
39705,5105,1094,4011
39730,4174,8821,-4647
39735,1549,137,1412
39736,173,6794,-6621
39737,77,1094,-1017
39739,989,243,746
39740,1983,6483,-4500
39741,651,425,226
39743,814,177,637
39744,2353,1131,1222
39745,265,230,35
39746,1166,43,1123
39747,687,577,110
39750,1432,267,1165
39751,518,548,-30
39752,957,32,925
39753,0,30,-30
39755,385,329,56
39756,540,155,385
39759,19247,1783,17464
39762,0,243,-243
39766,1158,263,895
39767,392,287,105
39769,609,1222,-613
39771,49,78,-29
39772,787,103,684
39773,6090,1952,4138
39776,531,56,475
39813,699,153,546
39815,499,18,481
39817,3830,135,3695
39819,4527,75,4452
39823,3174,113,3061
39824,259,469,-210
39825,621,332,289
39826,300,284,16
39827,1859,190,1669
39828,5336,290,5046
39832,4,195,-191
39834,696,130,566
39836,140,386,-246
39837,2591,160,2431
39840,1732,733,999
39841,290,255,35
39842,2720,462,2258
39845,3182,318,2864
39846,616,4425,-3809
39851,867,60,807
39854,1021,201,820
39859,356,380,-24
39861,467,97,370
39862,431,289,142
39866,150,88,62
39867,126,1197,-1071
39870,766,134,632
39877,231,219,12
39885,9,37,-28
39886,537,329,208
39897,1402,64,1338
40003,699,236,463
40004,11967,322,11645
40006,1785,144,1641
40007,20,5968,-5948
40008,1529,120,1409
40009,572,5367,-4795
40010,181,383,-202
40011,926,3821,-2895
40012,227,64,163
40013,2275,139,2136
40014,7341,193,7148
40019,1411,225,1186
40020,135,7,128
40022,291,147,144
40023,2165,5581,-3416
40025,194,973,-779
40026,2032,838,1194
40031,7995,1681,6314
40033,4834,8184,-3350
40036,124,1791,-1667
40037,1064,1251,-187
40040,180,3029,-2849
40041,259,1238,-979
40045,1340,11072,-9732
40046,516,3197,-2681
40047,8216,8231,-15
40049,0,2593,-2593
40050,712,15074,-14362
40051,1768,10635,-8867
40052,194,2062,-1868
40055,858,6245,-5387
40056,1270,662,608
40057,1575,425,1150
40058,17,3824,-3807
40059,7653,1022,6631
40060,500,2870,-2370
40061,0,2957,-2957
40062,77,19513,-19436
40063,0,541,-541
40065,11420,391,11029
40067,2260,463,1797
40068,964,555,409
40069,3259,4475,-1216
40070,162,654,-492
40071,5701,9056,-3355
40075,377,10,367
40076,1128,672,456
40077,266,5476,-5210
40078,967,1107,-140
40104,390,9,381
40107,839,1149,-310
40108,4517,680,3837
40109,858,9092,-8234
40110,188,2531,-2343
40111,680,2029,-1349
40115,257,6572,-6315
40117,912,6773,-5861
40118,3880,640,3240
40119,781,333,448
40121,2342,216,2126
40140,269,992,-723
40142,763,5289,-4526
40143,2328,1310,1018
40144,529,1020,-491
40145,205,4461,-4256
40146,1368,1315,53
40150,1745,2595,-850
40152,337,819,-482
40155,461,0,461
40157,342,8044,-7702
40160,9047,7936,1111
40161,67,598,-531
40162,1935,427,1508
40165,14077,3913,10164
40170,159,207,-48
40171,114,80,34
40175,5328,3374,1954
40176,329,769,-440
40177,664,12,652
40178,182,5466,-5284
40202,3030,4032,-1002
40203,8917,87,8830
40204,7684,217,7467
40205,10561,162,10399
40206,10524,4897,5627
40207,13688,281,13407
40208,5090,1312,3778
40209,209,2233,-2024
40210,5733,1437,4296
40211,9315,441,8874
40212,6745,2329,4416
40213,7116,2674,4442
40214,18396,433,17963
40215,7845,590,7255
40216,17401,858,16543
40217,6053,97,5956
40218,13483,277,13206
40219,15565,236,15329
40220,15339,191,15148
40221,0,403,-403
40222,10114,778,9336
40223,10046,1184,8862
40228,7059,2140,4919
40229,14725,33,14692
40231,0,4043,-4043
40241,12730,402,12328
40242,4522,252,4270
40243,5445,182,5263
40245,13718,355,13363
40258,10565,3032,7533
40272,14523,410,14113
40280,8,192,-184
40291,15379,510,14869
40299,16654,864,15790
40310,229,128,101
40311,2710,344,2366
40312,2300,455,1845
40313,1076,152,924
40316,166,131,35
40322,1083,696,387
40324,18718,483,18235
40328,436,136,300
40330,8169,116,8053
40334,6,202,-196
40336,4985,2324,2661
40337,1955,2722,-767
40339,32,1895,-1863
40342,8804,71,8733
40346,213,495,-282
40347,1362,4069,-2707
40348,352,528,-176
40350,65,237,-172
40351,7995,99,7896
40353,8734,158,8576
40355,71,0,71
40356,16571,102,16469
40357,64,99,-35
40358,474,16,458
40359,2602,13,2589
40360,2685,146,2539
40361,7203,31,7172
40363,15,438,-423
40370,1047,258,789
40371,1100,4527,-3427
40372,834,3734,-2900
40374,724,10185,-9461
40376,15,330,-315
40379,1562,390,1172
40380,2366,238,2128
40383,9447,1334,8113
40385,962,35,927
40387,680,557,123
40390,2113,2176,-63
40391,14703,173,14530
40402,780,68,712
40403,9795,318,9477
40404,0,341,-341
40409,1392,368,1024
40419,1583,79,1504
40422,9389,190,9199
40434,0,2228,-2228
40437,1990,25,1965
40440,1146,685,461
40442,305,122,183
40444,5425,167,5258
40445,263,330,-67
40447,3041,117,2924
40448,0,298,-298
40456,3622,1145,2477
40460,352,491,-139
40461,925,371,554
40464,413,852,-439
40468,848,354,494
40472,607,176,431
40475,25087,98,24989
40481,139,1112,-973
40484,5001,198,4803
40486,1024,433,591
40489,1507,160,1347
40502,12866,65,12801
40503,12543,313,12230
40504,11881,237,11644
40505,11010,1326,9684
40507,1339,309,1030
40508,10190,228,9962
40509,18044,514,17530
40510,417,216,201
40511,13036,132,12904
40513,4395,222,4173
40514,6393,97,6296
40515,14686,19,14667
40516,1051,196,855
40517,16778,321,16457
40526,0,221,-221
40536,0,144,-144
40601,22318,94,22224
40701,11302,504,10798
40729,2071,414,1657
40734,1295,200,1095
40737,515,1272,-757
40740,1380,436,944
40741,9389,415,8974
40744,6729,268,6461
40759,793,40,753
40763,211,398,-187
40769,5933,649,5284
40771,608,1294,-686
40801,0,226,-226
40803,21,4970,-4949
40806,872,301,571
40807,217,199,18
40808,17,333,-316
40810,494,217,277
40813,121,370,-249
40815,372,246,126
40816,0,281,-281
40818,38,6612,-6574
40819,367,166,201
40820,145,34,111
40823,1338,105,1233
40824,244,306,-62
40826,208,249,-41
40827,315,529,-214
40828,1612,600,1012
40829,42,43,-1
40830,126,229,-103
40831,1998,98,1900
40840,157,436,-279
40843,47,96,-49
40844,51,47,4
40845,229,397,-168
40847,59,30,29
40849,30,339,-309
40854,436,1341,-905
40855,352,111,241
40856,329,183,146
40858,75,125,-50
40862,194,14,180
40863,184,64,120
40865,140,221,-81
40868,376,254,122
40870,239,87,152
40873,798,147,651
40874,80,571,-491
40902,328,1041,-713
40903,262,34,228
40906,4348,580,3768
40913,114,411,-297
40914,313,397,-84
40915,326,153,173
40921,96,119,-23
40923,239,128,111
40927,250,137,113
40935,878,138,740
40939,55,240,-185
40940,121,805,-684
40941,0,463,-463
40943,245,215,30
40946,20,449,-429
40949,82,353,-271
40953,157,403,-246
40958,209,181,28
40962,6081,123,5958
40964,24,259,-235
40965,4792,314,4478
40972,530,302,228
40977,3157,300,2857
40979,0,200,-200
40981,0,398,-398
40982,163,430,-267
40983,83,331,-248
40988,182,392,-210
40995,6,88,-82
40997,130,230,-100
41001,6662,14,6648
41002,970,62,908
41003,843,227,616
41004,1303,3141,-1838
41005,8416,167,8249
41006,1433,89,1344
41007,1657,271,1386
41008,2775,11902,-9127
41010,1304,12334,-11030
41011,12605,792,11813
41014,2958,610,2348
41015,8099,26,8073
41016,2770,1096,1674
41017,15870,653,15217
41018,11497,7591,3906
41030,1969,837,1132
41031,6433,239,6194
41033,632,2510,-1878
41034,477,1414,-937
41035,4386,104,4282
41039,1009,322,687
41040,2869,507,2362
41041,2939,0,2939
41042,22003,1813,20190
41043,597,662,-65
41044,455,479,-24
41045,510,2104,-1594
41046,543,1264,-721
41048,5390,783,4607
41049,823,59,764
41051,10947,933,10014
41052,89,747,-658
41055,734,1287,-553
41056,5345,1103,4242
41059,1175,1894,-719
41063,1011,410,601
41064,794,1282,-488
41071,9653,900,8753
41073,2683,787,1896
41074,2564,54,2510
41075,6586,25,6561
41076,6658,3449,3209
41080,603,9218,-8615
41083,475,451,24
41085,398,11818,-11420
41086,802,468,334
41091,7638,763,6875
41092,1110,619,491
41093,1074,889,185
41094,4841,688,4153
41095,1359,173,1186
41097,2436,62,2374
41098,638,333,305
41101,7714,1568,6146
41102,7346,991,6355
41121,632,953,-321
41124,407,19755,-19348
41129,3511,33,3478
41132,168,7972,-7804
41135,107,12483,-12376
41139,3332,1015,2317
41141,769,1579,-810
41142,28,417,-389
41143,4706,37,4669
41144,3601,2537,1064
41146,184,2651,-2467
41149,154,62,92
41159,164,561,-397
41164,4467,6410,-1943
41166,315,593,-278
41168,981,12187,-11206
41169,2293,81,2212
41171,1310,77,1233
41174,400,312,88
41175,2201,59,2142
41179,2752,138,2614
41180,355,535,-180
41181,52,661,-609
41183,714,15,699
41189,709,6660,-5951
41201,71,887,-816
41203,269,3267,-2998
41204,286,465,-179
41214,152,2557,-2405
41216,549,1067,-518
41219,696,235,461
41222,995,2193,-1198
41224,1566,591,975
41226,74,1681,-1607
41230,4281,5723,-1442
41231,420,312,108
41232,172,418,-246
41234,202,1583,-1381
41238,341,2657,-2316
41240,2429,4215,-1786
41250,417,257,160
41254,239,943,-704
41255,261,263,-2
41256,848,17032,-16184
41257,238,102,136
41260,258,1938,-1680
41262,317,381,-64
41263,107,4254,-4147
41264,257,3030,-2773
41265,460,458,2
41267,291,846,-555
41268,337,165,172
41271,89,859,-770
41274,243,313,-70
41301,2143,5766,-3623
41310,0,205,-205
41311,2341,262,2079
41314,1577,452,1125
41317,224,17041,-16817
41332,305,14957,-14652
41339,4236,3070,1166
41348,465,104,361
41351,8,0,8
41352,242,402,-160
41360,114,491,-377
41364,65,911,-846
41365,303,200,103
41366,22,1598,-1576
41367,98,539,-441
41385,248,3342,-3094
41386,11,70,-59
41390,38,402,-364
41397,60,713,-653
41408,170,47,123
41421,137,319,-182
41425,437,702,-265
41464,137,367,-230
41465,4134,4533,-399
41472,3300,2186,1114
41501,9306,1835,7471
41503,149,459,-310
41512,250,580,-330
41513,196,1493,-1297
41514,1190,724,466
41517,22,113,-91
41519,312,697,-385
41522,2004,0,2004
41524,95,227,-132
41526,23,2085,-2062
41527,345,274,71
41528,154,493,-339
41531,376,119,257
41534,97,22,75
41535,286,185,101
41537,1620,686,934
41538,115,87,28
41539,693,2116,-1423
41540,95,1155,-1060
41543,252,1081,-829
41544,209,1265,-1056
41547,367,2510,-2143
41548,453,947,-494
41553,781,608,173
41554,296,700,-404
41555,309,1229,-920
41557,858,15761,-14903
41558,310,10983,-10673
41559,184,415,-231
41560,77,2837,-2760
41562,955,289,666
41563,114,607,-493
41564,241,1246,-1005
41566,199,4317,-4118
41567,33,1432,-1399
41568,350,502,-152
41571,208,697,-489
41572,1375,218,1157
41601,288,1151,-863
41602,346,654,-308
41603,671,335,336
41604,197,1776,-1579
41605,347,509,-162
41606,251,442,-191
41607,169,58,111
41612,126,692,-566
41615,137,7634,-7497
41616,248,9663,-9415
41619,141,251,-110
41621,71,1296,-1225
41622,86,1213,-1127
41630,337,705,-368
41631,288,384,-96
41632,229,3793,-3564
41635,1263,269,994
41636,433,2464,-2031
41640,441,1892,-1451
41642,315,300,15
41643,65,168,-103
41645,299,2597,-2298
41647,502,3900,-3398
41649,950,81,869
41650,194,2274,-2080
41651,76,0,76
41653,4135,7849,-3714
41655,477,528,-51
41659,299,1251,-952
41660,102,102,0
41663,115,5012,-4897
41666,375,1764,-1389
41667,115,989,-874
41669,256,1597,-1341
41701,6092,18727,-12635
41712,118,705,-587
41713,44,558,-514
41714,172,128,44
41719,481,683,-202
41721,327,2499,-2172
41722,509,9183,-8674
41723,465,1561,-1096
41725,181,256,-75
41727,553,1694,-1141
41729,0,1905,-1905
41731,355,6075,-5720
41735,63,552,-489
41739,48,127,-79
41740,216,707,-491
41745,187,644,-457
41746,261,781,-520
41749,939,239,700
41751,112,3511,-3399
41754,263,866,-603
41759,209,3115,-2906
41760,180,2010,-1830
41762,0,286,-286
41763,233,5828,-5595
41764,219,1292,-1073
41766,209,52,157
41772,135,172,-37
41773,504,214,290
41774,1033,2217,-1184
41775,35,835,-800
41776,464,384,80
41777,382,954,-572
41778,108,113,-5
41804,343,868,-525
41810,144,955,-811
41812,115,1012,-897
41815,282,8904,-8622
41817,227,50,177
41819,201,172,29
41821,89,1120,-1031
41822,712,837,-125
41824,331,111,220
41825,115,2445,-2330
41826,233,414,-181
41828,223,1353,-1130
41831,474,18066,-17592
41832,141,13251,-13110
41833,69,13902,-13833
41834,142,3065,-2923
41835,276,3371,-3095
41836,344,1117,-773
41837,219,3821,-3602
41838,331,2329,-1998
41839,224,20807,-20583
41840,328,3062,-2734
41843,209,181,28
41844,499,58,441
41845,141,4312,-4171
41847,113,59,54
41848,0,146,-146
41849,73,8489,-8416
41855,304,98,206
41858,3106,181,2925
41859,111,10848,-10737
41861,140,2074,-1934
41862,360,663,-303
42001,12874,1503,11371
42003,11256,11334,-78
42020,777,7619,-6842
42021,530,24764,-24234
42022,28,6806,-6778
42023,829,891,-62
42024,426,1448,-1022
42025,8127,10123,-1996
42027,700,4686,-3986
42028,217,13840,-13623
42029,2634,509,2125
42031,1218,395,823
42032,105,20681,-20576
42035,353,30,323
42036,516,797,-281
42037,0,2100,-2100
42038,2037,4690,-2653
42039,552,3564,-3012
42040,345,97,248
42041,1667,8164,-6497
42044,1508,2069,-561
42045,904,21784,-20880
42047,72,10837,-10765
42048,721,339,382
42049,617,9323,-8706
42050,1087,122,965
42051,981,1580,-599
42053,2056,3799,-1743
42054,493,3004,-2511
42055,1083,540,543
42056,555,1135,-580
42058,800,88,712
42060,0,12423,-12423
42061,56,67,-11
42064,3041,1512,1529
42066,9457,9273,184
42069,219,497,-278
42071,11690,410,11280
42076,485,0,485
42078,770,9851,-9081
42079,460,21767,-21307
42081,761,4978,-4217
42082,867,183,684
42083,187,30,157
42085,270,921,-651
42086,1540,23410,-21870
42087,1009,1694,-685
42088,835,184,651
42101,22496,786,21710
42103,9100,7602,1498
42104,15334,7532,7802
42120,848,40,808
42122,2056,2161,-105
42123,438,180,258
42124,30,582,-552
42127,2894,3385,-491
42129,2846,13453,-10607
42130,58,784,-726
42131,44,1055,-1011
42133,550,859,-309
42134,6876,92,6784
42140,455,390,65
42141,12262,314,11948
42151,67,1137,-1070
42153,31,955,-924
42154,193,95,98
42156,159,204,-45
42157,168,103,65
42159,723,9050,-8327
42160,618,2678,-2060
42163,21,797,-776
42164,6359,11883,-5524
42166,877,9263,-8386
42167,3460,3403,57
42170,580,15723,-15143
42171,2425,5090,-2665
42202,768,9868,-9100
42204,280,17104,-16824
42206,2128,11036,-8908
42207,451,241,210
42210,1970,8037,-6067
42211,5313,9168,-3855
42214,257,13018,-12761
42215,645,12214,-11569
42217,1270,7195,-5925
42220,2299,739,1560
42223,4346,10691,-6345
42232,210,11280,-11070
42234,893,13417,-12524
42236,240,1441,-1201
42240,16619,9220,7399
42252,26,14838,-14812
42254,117,8526,-8409
42256,1984,20859,-18875
42259,416,19091,-18675
42261,3551,21356,-17805
42262,3280,7606,-4326
42265,329,16859,-16530
42266,832,17169,-16337
42273,264,1585,-1321
42274,971,20196,-19225
42275,310,1250,-940
42276,6038,7819,-1781
42280,146,1243,-1097
42285,167,2798,-2631
42286,495,2431,-1936
42301,18528,60,18468
42303,16483,1463,15020
42320,3341,393,2948
42321,160,552,-392
42322,51,98,-47
42323,242,145,97
42324,413,241,172
42325,647,964,-317
42326,101,5451,-5350
42327,1595,43,1552
42328,435,2119,-1684
42330,3501,773,2728
42332,83,345,-262
42333,332,2458,-2126
42337,614,14,600
42338,21,487,-466
42339,312,4078,-3766
42343,532,614,-82
42344,325,316,9
42345,4513,1238,3275
42347,2244,465,1779
42348,1911,2153,-242
42349,564,359,205
42350,550,497,53
42351,1716,834,882
42352,756,4405,-3649
42354,87,479,-392
42355,570,1742,-1172
42356,0,1107,-1107
42361,233,308,-75
42366,1969,489,1480
42367,307,13162,-12855
42368,438,0,438
42369,103,648,-545
42370,37,234,-197
42371,127,108,19
42372,671,4142,-3471
42374,58,1711,-1653
42376,2336,444,1892
42378,1245,1105,140
42404,842,12539,-11697
42406,979,1927,-948
42408,2579,1671,908
42409,814,368,446
42410,403,22,381
42411,743,61,682
42413,1095,584,511
42420,15524,165,15359
42431,10884,99,10785
42436,576,43,533
42437,2629,2384,245
42440,430,359,71
42441,579,651,-72
42442,1194,456,738
42444,0,76,-76
42445,4370,1358,3012
42450,1636,3618,-1982
42451,222,1422,-1200
42452,861,391,470
42453,211,6218,-6007
42455,1042,227,815
42456,641,492,149
42458,546,177,369
42459,1514,2622,-1108
42461,528,441,87
42462,421,0,421
42463,75,535,-460
42464,683,2295,-1612
42501,6471,840,5631
42503,10033,25,10008
42516,221,125,96
42518,1062,1073,-11
42519,1187,243,944
42528,654,2638,-1984
42533,351,518,-167
42539,3710,42,3668
42541,112,6209,-6097
42544,2412,338,2074
42553,2197,11391,-9194
42565,239,3025,-2786
42566,107,1078,-971
42567,2159,1463,696
42602,3754,1116,2638
42603,194,20,174
42629,2237,1186,1051
42631,54,1306,-1252
42633,7333,0,7333
42634,564,454,110
42635,1615,394,1221
42638,46,2243,-2197
42642,4726,917,3809
42647,1225,6193,-4968
42649,634,78,556
42653,1380,77,1303
42701,21283,1512,19771
42712,648,547,101
42713,761,635,126
42715,91,347,-256
42716,669,172,497
42717,2448,10756,-8308
42718,9837,589,9248
42721,1277,43,1234
42722,198,1291,-1093
42724,1875,3094,-1219
42726,1791,5756,-3965
42728,6078,158,5920
42729,577,247,330
42732,673,617,56
42733,589,15099,-14510
42740,961,92,869
42741,121,994,-873
42742,31,90,-59
42743,3558,703,2855
42746,747,1046,-299
42748,3444,5458,-2014
42749,2070,12115,-10045
42753,304,143,161
42754,5816,2960,2856
42757,1263,4873,-3610
42758,12,1120,-1108
42759,6,1289,-1283
42762,41,2435,-2394
42764,176,4170,-3994
42765,2278,10707,-8429
42776,768,10019,-9251
42782,289,9939,-9650
42784,1044,5768,-4724
42788,140,9147,-9007
43001,1072,1831,-759
43002,319,7905,-7586
43003,1095,11993,-10898
43004,10941,13363,-2422
43005,168,13243,-13075
43006,156,17725,-17569
43007,31,8583,-8552
43008,1036,2713,-1677
43009,680,2959,-2279
43010,102,2736,-2634
43011,2485,8972,-6487
43013,521,22735,-22214
43014,1194,0,1194
43015,21467,3066,18401
43016,18509,708,17801
43017,15888,85,15803
43018,25,1284,-1259
43019,3392,942,2450
43021,4392,454,3938
43022,929,27,902
43023,4485,170,4315
43025,2059,1854,205
43026,24574,2799,21775
43027,54,8501,-8447
43028,2802,551,2251
43029,135,430,-295
43030,104,901,-797
43031,5125,2266,2859
43032,0,752,-752
43033,192,68,124
43035,11235,452,10783
43036,146,161,-15
43037,62,48,14
43040,12645,39,12606
43044,1967,710,1257
43045,641,135,506
43046,1463,633,830
43047,9,332,-323
43050,12151,1161,10990
43054,10624,841,9783
43055,24398,80,24318
43056,6957,597,6360
43060,1050,644,406
43061,1601,2325,-724
43062,11281,1431,9850
43064,5711,22,5689
43065,15864,578,15286
43066,465,37,428
43067,439,1829,-1390
43068,23078,3093,19985
43070,32,662,-630
43071,790,498,292
43072,2312,98,2214
43074,5485,744,4741
43076,3331,657,2674
43077,61,1078,-1017
43078,8360,1777,6583
43080,1604,513,1091
43081,26339,411,25928
43082,11822,678,11144
43084,227,266,-39
43085,10399,1664,8735
43101,147,15,132
43102,1577,1166,411
43103,4076,305,3771
43105,3225,2155,1070
43106,614,358,256
43107,1301,885,416
43109,81,26,55
43110,15795,288,15507
43111,41,8148,-8107
43112,1613,1759,-146
43113,9721,1905,7816
43115,538,1107,-569
43116,783,2222,-1439
43117,29,2983,-2954
43119,10988,66,10922
43123,26411,681,25730
43125,5496,471,5025
43126,152,54,98
43127,110,365,-255
43128,906,1480,-574
43130,23921,1775,22146
43135,1743,1016,727
43136,798,100,698
43137,929,937,-8
43138,7426,64,7362
43140,7806,3693,4113
43142,60,2388,-2328
43143,2042,672,1370
43144,181,1456,-1275
43145,815,3159,-2344
43146,3655,637,3018
43147,14796,7,14789
43148,689,658,31
43149,1074,1288,-214
43150,893,9563,-8670
43151,86,12,74
43152,310,107,203
43153,363,20,343
43154,1247,29,1218
43155,982,277,705
43156,83,93,-10
43157,193,321,-128
43158,132,794,-662
43160,8956,122,8834
43162,2681,3768,-1087
43164,824,2321,-1497
43201,14156,205,13951
43202,9384,182,9202
43203,4122,979,3143
43204,17589,1425,16164
43205,5415,1099,4316
43206,11090,1186,9904
43207,18992,1068,17924
43209,12061,2298,9763
43210,148,215,-67
43211,8696,6244,2452
43212,11970,126,11844
43213,15582,7437,8145
43214,12859,5307,7552
43215,10221,152,10069
43217,738,48,690
43218,0,570,-570
43219,11826,3870,7956
43220,13230,0,13230
43221,14627,3091,11536
43222,1657,0,1657
43223,9103,528,8575
43224,18098,42,18056
43227,9985,811,9174
43228,22983,38,22945
43229,21939,618,21321
43230,24594,1084,23510
43231,8528,124,8404
43232,18943,69,18874
43235,19107,804,18303
43240,3554,1016,2538
43302,19972,7725,12247
43310,1142,1808,-666
43311,8089,13716,-5627
43314,1173,658,515
43315,2746,7555,-4809
43316,2514,8900,-6386
43317,60,7328,-7268
43318,1628,2127,-499
43319,406,6851,-6445
43320,516,6539,-6023
43321,120,8966,-8846
43322,126,4395,-4269
43323,312,2990,-2678
43324,1074,6165,-5091
43325,24,580,-556
43326,5297,26790,-21493
43330,32,11817,-11785
43331,2025,1237,788
43332,677,5839,-5162
43333,285,4290,-4005
43334,2466,148,2318
43336,0,805,-805
43337,398,3595,-3197
43338,3757,982,2775
43340,703,121,582
43341,419,2286,-1867
43342,1275,12127,-10852
43343,632,7733,-7101
43344,2260,5141,-2881
43345,356,7329,-6973
43346,15,4333,-4318
43347,474,7584,-7110
43348,1001,24679,-23678
43350,101,4080,-3979
43351,4456,693,3763
43356,429,1656,-1227
43357,1672,8397,-6725
43358,1006,13653,-12647
43359,251,1770,-1519
43360,676,3891,-3215
43402,14033,1589,12444
43403,6,21590,-21584
43406,698,83,615
43407,207,2504,-2297
43408,104,495,-391
43410,3931,1506,2425
43412,1528,1139,389
43413,384,955,-571
43414,93,7900,-7807
43416,1242,6723,-5481
43420,12191,4181,8010
43430,1934,7650,-5716
43431,1762,414,1348
43432,425,15490,-15065
43433,24,14656,-14632
43434,37,624,-587
43435,405,0,405
43436,0,18600,-18600
43437,152,7643,-7491
43438,149,9101,-8952
43439,44,15308,-15264
43440,2262,11399,-9137
43442,356,24750,-24394
43443,699,10607,-9908
43445,462,16707,-16245
43446,43,9144,-9101
43447,1193,17317,-16124
43449,3481,9917,-6436
43450,1466,8804,-7338
43451,458,2667,-2209
43452,6676,3418,3258
43456,179,8732,-8553
43457,544,4776,-4232
43458,153,15951,-15798
43460,2580,5361,-2781
43462,418,16956,-16538
43463,204,13845,-13641
43464,860,13774,-12914
43465,2292,7447,-5155
43466,851,17076,-16225
43467,45,11467,-11422
43468,215,7540,-7325
43469,1170,2011,-841
43501,319,12598,-12279
43502,2594,11638,-9044
43504,393,22263,-21870
43505,30,8239,-8209
43506,6431,6253,178
43510,60,12351,-12291
43511,418,15881,-15463
43512,11550,11651,-101
43515,2970,10082,-7112
43516,1036,9405,-8369
43517,1482,8695,-7213
43518,1100,8535,-7435
43519,124,6091,-5967
43520,11,5119,-5108
43521,1175,7602,-6427
43522,1391,10532,-9141
43523,28,9399,-9371
43524,437,13282,-12845
43525,412,13607,-13195
43526,2035,7464,-5429
43527,930,7106,-6176
43528,6602,2433,4169
43529,95,7414,-7319
43530,0,16708,-16708
43531,124,16602,-16478
43532,1274,713,561
43533,569,949,-380
43534,669,3527,-2858
43535,239,1565,-1326
43536,104,13655,-13551
43537,12484,7640,4844
43540,550,15276,-14726
43541,59,3235,-3176
43542,1491,3206,-1715
43543,3267,2704,563
43545,5890,1322,4568
43547,143,631,-488
43548,314,8807,-8493
43549,529,16422,-15893
43551,17755,6313,11442
43553,185,0,185
43554,875,506,369
43555,117,384,-267
43556,603,1251,-648
43557,960,2100,-1140
43558,5558,3150,2408
43560,12007,23473,-11466
43565,155,4954,-4799
43566,3475,2091,1384
43567,4997,938,4059
43569,1088,0,1088
43570,1222,13044,-11822
43571,2725,3488,-763
43604,4949,1863,3086
43605,10059,2418,7641
43606,9963,66,9897
43607,8968,1150,7818
43608,5455,606,4849
43609,8468,7026,1442
43610,1770,1712,58
43611,7705,11431,-3726
43612,11577,24,11553
43613,13404,2158,11246
43614,13744,2731,11013
43615,17948,1461,16487
43616,8509,6265,2244
43617,2973,2891,82
43619,3063,3491,-428
43620,2290,1523,767
43623,9027,9303,-276
43701,22739,9118,13621
43711,12,3227,-3215
43713,2415,350,2065
43716,833,9743,-8910
43717,60,3042,-2982
43718,1101,13561,-12460
43719,1021,11546,-10525
43720,454,7817,-7363
43721,89,9679,-9590
43722,139,8688,-8549
43723,1911,5625,-3714
43724,2737,7614,-4877
43725,8414,1119,7295
43727,575,1244,-669
43728,501,1692,-1191
43730,842,636,206
43731,1948,3424,-1476
43732,605,8416,-7811
43733,12,4069,-4057
43734,598,7397,-6799
43735,62,892,-830
43736,12,1017,-1005
43738,51,2973,-2922
43739,810,641,169
43740,94,531,-437
43746,312,6576,-6264
43747,522,1192,-670
43748,1061,6477,-5416
43749,936,613,323
43750,29,1119,-1090
43754,466,1163,-697
43755,745,1620,-875
43756,2168,1863,305
43758,1102,4125,-3023
43759,68,1526,-1458
43760,558,1633,-1075
43761,45,2042,-1997
43762,1721,15,1706
43764,2867,1744,1123
43766,513,638,-125
43767,490,1728,-1238
43768,158,808,-650
43771,871,4583,-3712
43772,743,1402,-659
43773,1061,9048,-7987
43777,1940,468,1472
43778,479,834,-355
43779,213,1168,-955
43780,909,1110,-201
43782,226,373,-147
43783,1898,679,1219
43786,33,11007,-10974
43787,1152,1511,-359
43788,324,4569,-4245
43791,62,1686,-1624
43793,1956,4003,-2047
43802,381,11178,-10797
43804,1064,9739,-8675
43805,95,6952,-6857
43811,290,340,-50
43812,7767,1030,6737
43821,1606,17,1589
43822,1876,3879,-2003
43824,1370,410,960
43830,2124,2057,67
43832,3328,7381,-4053
43836,59,972,-913
43837,728,2239,-1511
43840,399,5098,-4699
43842,107,1016,-909
43843,401,8970,-8569
43844,1652,15252,-13600
43845,1808,9194,-7386
43901,800,12115,-11315
43902,58,13443,-13385
43903,778,2144,-1366
43905,173,69,104
43906,3177,1016,2161
43907,2052,1614,438
43908,455,123,332
43909,25,755,-730
43910,1428,2093,-665
43912,2696,856,1840
43913,500,4573,-4073
43914,20,4332,-4312
43915,548,2392,-1844
43917,1242,719,523
43920,9058,1753,7305
43925,85,7380,-7295
43926,99,1476,-1377
43928,43,466,-423
43930,377,1143,-766
43931,94,1575,-1481
43932,375,323,52
43933,745,987,-242
43934,112,3599,-3487
43935,3431,871,2560
43938,2400,859,1541
43939,130,967,-837
43940,145,566,-421
43942,979,92,887
43943,1346,7907,-6561
43944,913,1152,-239
43945,1177,1922,-745
43946,840,913,-73
43947,2026,19121,-17095
43948,245,7603,-7358
43950,5257,299,4958
43951,31,14,17
43952,6910,220,6690
43953,4876,5648,-772
43961,129,1151,-1022
43962,32,4067,-4035
43963,615,66,549
43964,3946,78,3868
43967,51,3682,-3631
43968,2595,10326,-7731
43971,470,1029,-559
43972,71,5356,-5285
43973,833,510,323
43974,35,111,-76
43976,612,134,478
43977,809,2199,-1390
43981,117,921,-804
43983,149,1672,-1523
43985,90,897,-807
43986,698,32,666
43988,916,1661,-745
44001,8316,2475,5841
44003,1566,319,1247
44004,13221,3490,9731
44010,558,10468,-9910
44011,9137,11,9126
44012,10311,1197,9114
44017,6978,283,6695
44021,2046,88,1958
44022,6846,16945,-10099
44023,7277,38,7239
44024,8896,683,8213
44026,4343,82,4261
44028,3626,345,3281
44030,6020,534,5486
44032,404,3655,-3251
44035,26894,1686,25208
44039,13297,7125,6172
44040,1117,7148,-6031
44041,5974,3880,2094
44044,4281,10839,-6558
44045,289,8074,-7785
44046,732,3870,-3138
44047,3680,4178,-498
44048,831,5019,-4188
44049,76,16148,-16072
44050,2484,4687,-2203
44052,11689,2367,9322
44053,8495,371,8124
44054,5359,412,4947
44055,8108,12756,-4648
44056,4733,925,3808
44057,7599,78,7521
44060,25494,4997,20497
44062,4275,2963,1312
44064,683,1020,-337
44065,1648,287,1361
44067,8392,27,8365
44068,84,616,-532
44070,13289,972,12317
44072,1999,7531,-5532
44074,3803,1116,2687
44076,1784,1514,270
44077,23080,11,23069
44080,92,644,-552
44081,2572,2925,-353
44082,622,8,614
44084,1465,7540,-6075
44085,1270,6806,-5536
44086,887,854,33
44087,9021,1542,7479
44089,6702,93,6609
44090,3977,5302,-1325
44092,7594,1194,6400
44093,465,259,206
44094,16940,2126,14814
44095,14517,956,13561
44099,692,220,472
44101,0,1179,-1179
44102,19366,1452,17914
44103,6921,909,6012
44104,8283,40,8243
44105,14859,1934,12925
44106,10934,481,10453
44107,26319,748,25571
44108,9143,444,8699
44109,16769,46,16723
44110,9303,9349,-46
44111,17718,490,17228
44112,8236,33,8203
44113,9718,1243,8475
44114,3847,1233,2614
44115,4494,700,3794
44116,9704,930,8774
44117,4932,17290,-12358
44118,16477,119,16358
44119,6140,5672,468
44120,16790,1116,15674
44121,13489,1011,12478
44122,15039,19,15020
44123,8530,1151,7379
44124,18946,11481,7465
44125,12080,357,11723
44126,7575,2477,5098
44127,1882,4291,-2409
44128,12606,0,12606
44129,11988,2072,9916
44130,22822,10031,12791
44131,8348,5787,2561
44132,6749,4667,2082
44133,13515,7305,6210
44134,16107,6538,9569
44135,11349,186,11163
44136,10527,4720,5807
44137,10298,271,10027
44138,9477,11662,-2185
44139,8926,22959,-14033
44140,6065,21062,-14997
44141,5509,17807,-12298
44142,7671,4786,2885
44143,10996,6564,4432
44144,9483,149,9334
44145,14446,89,14357
44146,14260,407,13853
44147,8110,12406,-4296
44149,8330,8496,-166
44201,2513,17475,-14962
44202,8485,0,8485
44203,16455,10874,5581
44212,18167,19277,-1110
44214,749,3136,-2387
44215,929,5,924
44216,3577,1686,1891
44217,1358,1241,117
44221,13659,888,12771
44223,8395,8049,346
44224,16150,258,15892
44230,3524,1034,2490
44231,3124,1924,1200
44232,0,8121,-8121
44233,2910,4939,-2029
44234,1259,3707,-2448
44235,538,17693,-17155
44236,9612,77,9535
44240,16928,954,15974
44241,7225,8489,-1264
44243,0,11865,-11865
44250,586,4414,-3828
44251,400,3361,-2961
44253,1257,129,1128
44254,1961,27,1934
44255,2847,1166,1681
44256,25207,32,25175
44260,5126,1339,3787
44262,2142,1297,845
44264,1200,3611,-2411
44266,13723,4098,9625
44270,3281,3320,-39
44272,2184,1290,894
44273,2819,112,2707
44274,97,91,6
44275,1120,9337,-8217
44276,624,1869,-1245
44278,7384,18542,-11158
44280,2019,1613,406
44281,13504,1765,11739
44285,45,0,45
44286,2584,586,1998
44287,2896,89,2807
44288,1214,508,706
44301,5811,12350,-6539
44302,2575,4020,-1445
44303,3659,651,3008
44304,1296,3142,-1846
44305,9193,105,9088
44306,8986,37,8949
44307,2844,3556,-712
44308,443,136,307
44310,10167,1207,8960
44311,2826,317,2509
44312,13474,850,12624
44313,12603,97,12506
44314,8104,73,8031
44319,9589,1380,8209
44320,8817,573,8244
44321,6467,1762,4705
44325,0,2379,-2379
44333,7786,42,7744
44401,958,777,181
44402,1104,2985,-1881
44403,1805,8847,-7042
44404,603,5965,-5362
44405,3289,1106,2183
44406,8888,2601,6287
44408,4652,7508,-2856
44410,7471,5368,2103
44411,798,2543,-1745
44412,979,8605,-7626
44413,2871,5518,-2647
44415,0,15552,-15552
44417,608,9703,-9095
44418,483,5328,-4845
44420,6354,3606,2748
44423,884,12240,-11356
44424,24,3853,-3829
44425,5826,2858,2968
44427,545,1488,-943
44428,1314,5683,-4369
44429,1135,6693,-5558
44430,1371,5192,-3821
44431,1859,8716,-6857
44432,4173,3527,646
44436,1488,2493,-1005
44437,1740,7994,-6254
44438,2358,5764,-3406
44439,137,11880,-11743
44440,1887,16263,-14376
44441,755,2470,-1715
44442,1622,5616,-3994
44443,736,10863,-10127
44444,4253,8800,-4547
44445,1226,18083,-16857
44446,9223,11931,-2708
44449,622,9972,-9350
44450,651,9753,-9102
44451,1205,8705,-7500
44452,1403,5432,-4029
44454,286,10124,-9838
44455,527,7630,-7103
44460,10505,5698,4807
44470,1595,8601,-7006
44471,4344,9874,-5530
44473,1736,5179,-3443
44481,3729,8047,-4318
44483,11003,1902,9101
44484,9094,8571,523
44485,6946,53,6893
44490,351,1283,-932
44491,1115,823,292
44493,54,2889,-2835
44502,3488,3889,-401
44503,516,962,-446
44504,2003,103,1900
44505,6788,1610,5178
44506,1287,5013,-3726
44507,1876,97,1779
44509,5114,2589,2525
44510,865,448,417
44511,8880,1474,7406
44512,14304,1545,12759
44514,9504,82,9422
44515,12574,399,12175
44555,0,2013,-2013
44601,13481,130,13351
44606,2478,5970,-3492
44607,13,362,-349
44608,865,8767,-7902
44609,1488,2324,-836
44610,95,16577,-16482
44611,907,911,-4
44612,2233,429,1804
44613,739,3493,-2754
44614,5479,205,5274
44615,4135,275,3860
44618,2534,9687,-7153
44619,94,291,-197
44620,761,430,331
44621,1714,811,903
44622,7281,2547,4734
44624,1675,55,1620
44625,467,631,-164
44626,1181,2024,-843
44627,1759,514,1245
44628,415,277,138
44629,1048,1565,-517
44630,34,15377,-15343
44632,3785,6253,-2468
44633,689,2490,-1801
44634,863,731,132
44637,933,1747,-814
44638,421,280,141
44639,116,144,-28
44640,75,33,42
44641,7916,89,7827
44643,1455,70,1385
44644,2193,59,2134
44645,1075,262,813
44646,19606,10522,9084
44647,7885,140,7745
44651,323,684,-361
44652,191,178,13
44653,257,91,166
44654,6191,453,5738
44656,1049,576,473
44657,4116,11657,-7541
44659,56,1884,-1828
44660,42,1342,-1300
44661,108,833,-725
44662,3931,7420,-3489
44663,11177,162,11015
44665,82,14160,-14078
44666,1049,6335,-5286
44667,5040,138,4902
44669,587,2063,-1476
44670,23,2199,-2176
44671,39,436,-397
44672,2168,2966,-798
44675,837,76,761
44676,1854,15173,-13319
44677,1000,2324,-1324
44678,89,303,-214
44680,1799,188,1611
44681,2664,1327,1337
44682,469,4842,-4373
44683,3039,5966,-2927
44685,10888,4566,6322
44687,127,8274,-8147
44688,1253,9091,-7838
44689,157,3054,-2897
44690,52,6530,-6478
44691,18109,8853,9256
44693,11,5377,-5366
44695,447,2265,-1818
44697,125,12591,-12466
44699,298,454,-156
44702,534,6530,-5996
44703,3668,11755,-8087
44704,1428,19174,-17746
44705,7239,6582,657
44706,7044,0,7044
44707,3555,11839,-8284
44708,10803,2975,7828
44709,8648,11187,-2539
44710,3415,6025,-2610
44714,4234,697,3537
44718,5715,4434,1281
44720,16856,4274,12582
44721,5366,9122,-3756
44730,2532,8422,-5890
44802,365,12208,-11843
44804,536,12410,-11874
44805,12550,6196,6354
44807,885,13911,-13026
44809,69,7016,-6947
44811,5281,8096,-2815
44813,2918,5446,-2528
44814,869,20132,-19263
44815,292,2080,-1788
44817,544,1308,-764
44818,885,1655,-770
44820,7500,538,6962
44822,1111,26,1085
44824,1417,11,1406
44825,71,2892,-2821
44826,585,351,234
44827,3046,119,2927
44828,60,111,-51
44830,7283,1188,6095
44833,7131,12,7119
44836,945,1868,-923
44837,1440,1288,152
44838,88,104,-16
44839,5642,6289,-647
44840,1142,898,244
44841,268,54,214
44842,2116,8340,-6224
44843,1114,6794,-5680
44844,270,0,270
44846,1312,1740,-428
44847,1444,1233,211
44849,881,160,721
44850,9,1056,-1047
44851,2088,4378,-2290
44853,547,103,444
44854,672,2310,-1638
44855,449,1338,-889
44856,92,1568,-1476
44857,9916,346,9570
44859,849,2515,-1666
44861,71,1017,-946
44864,1255,868,387
44865,1142,1059,83
44866,775,3126,-2351
44867,980,2374,-1394
44870,17030,11773,5257
44874,124,2500,-2376
44875,5549,4253,1296
44878,944,203,741
44880,1027,604,423
44881,27,117,-90
44882,1093,112,981
44883,11548,545,11003
44887,316,1206,-890
44889,2774,4966,-2192
44890,4062,681,3381
44901,0,956,-956
44902,1939,747,1192
44903,9636,535,9101
44904,6158,1394,4764
44905,5175,179,4996
44906,7624,5756,1868
44907,7148,3457,3691
45001,304,3202,-2898
45002,4945,4625,320
45003,211,296,-85
45005,12328,418,11910
45011,25726,1923,23803
45013,20307,170,20137
45014,18753,10410,8343
45015,4892,2198,2694
45030,8443,433,8010
45032,267,4401,-4134
45033,177,1066,-889
45034,427,176,251
45036,13068,419,12649
45039,10825,10,10815
45040,20573,1496,19077
45041,130,711,-581
45042,11315,137,11178
45044,19913,478,19435
45050,4406,1724,2682
45051,47,214,-167
45052,1644,745,899
45053,1120,171,949
45054,1079,377,702
45055,49,1212,-1163
45056,8413,551,7862
45062,277,1006,-729
45064,1231,585,646
45065,2133,160,1973
45066,9194,11248,-2054
45067,4897,1599,3298
45068,4475,793,3682
45069,20251,3005,17246
45070,54,595,-541
45101,798,1040,-242
45102,9190,731,8459
45103,13761,2646,11115
45105,62,168,-106
45106,4444,1487,2957
45107,3645,823,2822
45111,143,72,71
45112,13,526,-513
45113,1573,265,1308
45115,121,319,-198
45118,1384,281,1103
45119,0,1475,-1475
45120,1067,116,951
45121,3591,1189,2402
45122,4157,1122,3035
45123,3298,7,3291
45130,1469,515,954
45131,97,72,25
45132,106,8729,-8623
45133,9078,6278,2800
45135,1975,9308,-7333
45140,21116,4478,16638
45142,1518,4686,-3168
45144,1517,147,1370
45146,425,50,375
45147,82,2824,-2742
45148,662,612,50
45150,13560,1442,12118
45152,4405,1019,3386
45153,761,143,618
45154,3109,2456,653
45155,150,103,47
45156,18,177,-159
45157,3821,593,3228
45158,297,8064,-7767
45159,1454,120,1334
45160,316,781,-465
45162,992,2252,-1260
45164,108,2512,-2404
45166,42,1222,-1180
45167,1415,1214,201
45168,545,4050,-3505
45169,1750,148,1602
45171,2144,550,1594
45172,92,11,81
45174,655,22702,-22047
45176,3990,258,3732
45177,9002,1481,7521
45202,8867,1334,7533
45203,1293,1104,189
45204,2705,1413,1292
45205,7080,421,6659
45206,6149,1402,4747
45207,2435,202,2233
45208,8426,427,7999
45209,6078,180,5898
45211,15479,90,15389
45212,9756,1920,7836
45213,5554,1142,4412
45214,4170,147,4023
45215,12854,645,12209
45216,3612,77,3535
45217,2676,537,2139
45218,1503,461,1042
45219,6761,70,6691
45220,6570,1814,4756
45223,5652,107,5545
45224,9411,412,8999
45225,4143,203,3940
45226,3036,1748,1288
45227,8712,49,8663
45229,6547,687,5860
45230,11536,1706,9830
45231,16877,899,15978
45232,3166,700,2466
45233,5583,4308,1275
45236,11371,275,11096
45237,9739,823,8916
45238,19751,2500,17251
45239,11945,968,10977
45240,10596,617,9979
45241,9900,1170,8730
45242,8862,1337,7525
45243,6167,56,6111
45244,10376,5213,5163
45245,8602,248,8354
45246,5705,1713,3992
45247,9311,121,9190
45248,9420,517,8903
45249,5541,285,5256
45251,8113,6076,2037
45252,1981,250,1731
45255,9229,7231,1998
45267,0,750,-750
45301,78,62,16
45302,1545,486,1059
45303,906,119,787
45304,2720,4413,-1693
45305,4497,6656,-2159
45306,827,7616,-6789
45307,115,8485,-8370
45308,1627,7036,-5409
45309,4710,2390,2320
45310,83,1240,-1157
45311,2360,874,1486
45312,424,16370,-15946
45314,1275,11950,-10675
45315,1768,2972,-1204
45316,50,399,-349
45317,402,4504,-4102
45318,2181,11797,-9616
45319,115,14746,-14631
45320,6501,334,6167
45321,430,3659,-3229
45322,9164,8401,763
45323,2150,1023,1127
45324,17681,104,17577
45325,1024,20,1004
45326,491,697,-206
45327,3537,386,3151
45328,177,656,-479
45330,340,1203,-863
45331,9630,9115,515
45332,241,3153,-2912
45333,482,866,-384
45334,862,344,518
45335,2833,741,2092
45336,34,13125,-13091
45337,666,11212,-10546
45338,1929,107,1822
45339,470,4926,-4456
45340,139,1249,-1110
45341,1672,1126,546
45342,14681,2567,12114
45344,6559,801,5758
45345,2571,1377,1194
45346,918,3979,-3061
45347,1735,9283,-7548
45348,250,1158,-908
45349,117,690,-573
45350,22,8480,-8458
45351,117,69,48
45352,91,277,-186
45353,60,689,-629
45354,267,2013,-1746
45356,10502,5078,5424
45358,126,210,-84
45359,694,154,540
45360,202,12096,-11894
45361,104,4827,-4723
45362,501,762,-261
45363,600,181,419
45365,11557,2106,9451
45368,1782,2424,-642
45369,1638,1880,-242
45370,1044,5238,-4194
45371,8898,11255,-2357
45372,132,2752,-2620
45373,14377,19,14358
45377,6287,1719,4568
45378,200,143,57
45380,2257,630,1627
45381,2308,1047,1261
45382,412,11295,-10883
45383,2724,337,2387
45384,240,6147,-5907
45385,15670,14702,968
45387,2586,11323,-8737
45388,221,18940,-18719
45389,203,48,155
45390,1193,63,1130
45402,4544,1267,3277
45403,6118,2127,3991
45404,3901,783,3118
45405,8890,246,8644
45406,8855,11408,-2553
45409,2902,45,2857
45410,7020,560,6460
45414,9517,1358,8159
45415,5770,8596,-2826
45416,1930,2450,-520
45417,11451,919,10532
45419,7010,123,6887
45420,11579,4297,7282
45423,0,1661,-1661
45424,20219,592,19627
45426,6566,878,5688
45428,0,2224,-2224
45429,12085,10979,1106
45430,2976,575,2401
45431,11912,896,11016
45432,6313,4472,1841
45433,402,237,165
45434,4569,10926,-6357
45435,0,403,-403
45439,4638,1542,3096
45440,9355,699,8656
45449,8478,45,8433
45458,14502,4363,10139
45459,12712,679,12033
45469,5,11688,-11683
45501,0,7731,-7731
45502,6886,14070,-7184
45503,14121,2578,11543
45504,6127,11344,-5217
45505,7960,8911,-951
45506,5593,10296,-4703
45601,21554,861,20693
45612,1791,11664,-9873
45613,1217,12031,-10814
45614,1564,13883,-12319
45616,657,15649,-14992
45617,0,9557,-9557
45618,0,12221,-12221
45619,2904,14612,-11708
45620,277,2648,-2371
45621,179,17468,-17289
45622,114,22544,-22430
45623,1175,5887,-4712
45624,0,10260,-10260
45628,2097,3600,-1503
45629,1013,9352,-8339
45630,164,10671,-10507
45631,5976,9756,-3780
45634,726,15509,-14783
45636,87,8520,-8433
45638,7954,9030,-1076
45640,6026,11298,-5272
45642,0,8952,-8952
45644,1968,14852,-12884
45645,1085,9821,-8736
45646,159,3907,-3748
45647,1132,13836,-12704
45648,3994,11170,-7176
45650,159,2897,-2738
45651,1937,2840,-903
45652,1404,127,1277
45653,1255,267,988
45654,407,4955,-4548
45656,2540,9209,-6669
45657,691,21571,-20880
45658,881,4701,-3820
45659,959,7354,-6395
45660,2797,9653,-6856
45661,2505,7032,-4527
45662,11002,5534,5468
45663,2684,8647,-5963
45669,3984,9648,-5664
45671,102,8338,-8236
45672,487,8239,-7752
45673,144,3893,-3749
45674,189,384,-195
45677,20,3900,-3880
45678,446,11817,-11371
45679,1061,104,957
45680,4684,560,4124
45681,627,1648,-1021
45682,936,417,519
45684,714,1240,-526
45685,398,17060,-16662
45686,1330,5857,-4527
45688,149,17877,-17728
45690,5597,367,5230
45692,3283,2252,1031
45693,3194,14976,-11782
45694,4667,1274,3393
45695,301,4691,-4390
45696,462,356,106
45697,2048,9391,-7343
45698,182,142,40
45699,0,118,-118
45701,11093,105,10988
45710,2178,122,2056
45711,412,883,-471
45714,4078,14714,-10636
45715,956,13792,-12836
45716,181,1066,-885
45719,332,2246,-1914
45720,0,2851,-2851
45721,12,107,-95
45723,1454,4874,-3420
45724,979,2645,-1666
45727,241,5234,-4993
45729,680,6605,-5925
45732,1732,4251,-2519
45734,159,3613,-3454
45735,653,5191,-4538
45739,13,5970,-5957
45740,146,3095,-2949
45741,217,14958,-14741
45742,1196,1307,-111
45743,472,139,333
45744,955,1356,-401
45745,510,3758,-3248
45746,102,3521,-3419
45750,11087,73,11014
45760,1494,1259,235
45761,737,1812,-1075
45764,2630,15960,-13330
45766,471,11787,-11316
45767,956,7907,-6951
45768,626,818,-192
45769,2246,11355,-9109
45770,349,8209,-7860
45771,1455,10343,-8888
45772,537,520,17
45773,44,778,-734
45775,700,4424,-3724
45776,331,1365,-1034
45778,329,174,155
45779,342,1592,-1250
45780,1535,706,829
45782,125,3763,-3638
45783,114,1427,-1313
45784,1404,1068,336
45786,1123,12686,-11563
45788,290,10834,-10544
45789,61,4016,-3955
45801,8464,2582,5882
45804,6175,1141,5034
45805,9538,1751,7787
45806,4440,1273,3167
45807,4747,139,4608
45808,153,4699,-4546
45809,32,1766,-1734
45810,2428,8918,-6490
45812,727,2279,-1552
45813,1352,3938,-2586
45814,1069,473,596
45815,29,1693,-1664
45816,197,1219,-1022
45817,2468,2999,-531
45819,106,8570,-8464
45820,231,4793,-4562
45821,348,1745,-1397
45822,8059,19,8040
45826,120,2392,-2272
45827,822,3725,-2903
45828,2328,12866,-10538
45830,2081,6454,-4373
45831,1388,2205,-817
45832,1188,3814,-2626
45833,4431,7548,-3117
45835,207,10331,-10124
45836,607,2271,-1664
45838,45,5724,-5679
45840,22985,2926,20059
45841,419,914,-495
45843,1440,6959,-5519
45844,1130,76,1054
45845,1159,724,435
45846,1529,7504,-5975
45848,45,1812,-1767
45849,348,2548,-2200
45850,1239,5831,-4592
45851,233,1894,-1661
45853,597,2796,-2199
45854,153,9259,-9106
45855,54,546,-492
45856,1885,191,1694
45858,1042,1016,26
45859,208,7606,-7398
45860,833,3061,-2228
45861,139,3038,-2899
45862,661,1178,-517
45863,513,1413,-900
45864,70,1451,-1381
45865,2077,594,1483
45866,58,677,-619
45867,448,1436,-988
45868,273,1097,-824
45869,1773,1764,9
45870,108,10433,-10325
45871,711,6018,-5307
45872,1782,212,1570
45873,873,556,317
45874,941,3811,-2870
45875,4056,639,3417
45876,413,587,-174
45877,977,1800,-823
45879,2506,327,2179
45880,1013,2575,-1562
45881,664,1140,-476
45882,1023,14,1009
45883,1144,913,231
45884,49,1374,-1325
45885,5457,6192,-735
45886,232,639,-407
45887,1748,2458,-710
45888,156,838,-682
45889,569,355,214
45890,343,2128,-1785
45891,6183,868,5315
45893,126,676,-550
45894,281,68,213
45895,7410,1423,5987
45896,749,866,-117
45897,25,289,-264
45898,355,1295,-940
45899,79,1549,-1470
46001,4011,718,3293
46011,6935,2277,4658
46012,8579,1484,7095
46013,7881,754,7127
46016,6816,55,6761
46017,2413,4473,-2060
46030,1122,3329,-2207
46031,727,10994,-10267
46032,19911,9024,10887
46033,14444,8541,5903
46034,2854,5973,-3119
46035,437,7825,-7388
46036,4479,3693,786
46037,16129,4138,11991
46038,16229,10011,6218
46039,233,7382,-7149
46040,5446,7039,-1593
46041,8704,3741,4963
46044,1157,12181,-11024
46045,19,13608,-13589
46047,18,7318,-7300
46048,785,15986,-15201
46049,469,15005,-14536
46050,739,1274,-535
46051,1191,565,626
46052,9452,455,8997
46055,5249,808,4441
46056,859,370,489
46057,421,786,-365
46058,760,968,-208
46060,17212,402,16810
46062,12928,0,12928
46063,138,3063,-2925
46064,5322,618,4704
46065,1066,1901,-835
46068,1045,1305,-260
46069,2868,56,2812
46070,835,37,798
46071,1308,1457,-149
46072,3708,2560,1148
46074,14376,2264,12112
46075,2489,1149,1340
46076,547,814,-267
46077,11609,1025,10584
46102,156,372,-216
46103,119,60,59
46104,375,8,367
46105,732,10813,-10081
46106,3122,275,2847
46107,5163,784,4379
46110,225,8749,-8524
46111,162,9106,-8944
46112,14366,237,14129
46113,6084,214,5870
46115,638,188,450
46117,211,376,-165
46118,1852,40,1812
46120,2487,3587,-1100
46121,1818,34,1784
46122,5876,66,5810
46123,15114,8498,6616
46124,3049,635,2414
46125,16,6129,-6113
46126,1669,829,840
46127,123,1912,-1789
46128,833,1077,-244
46130,916,105,811
46131,11907,478,11429
46133,381,756,-375
46135,6591,225,6366
46140,16570,397,16173
46142,13485,1376,12109
46143,21861,418,21443
46144,122,636,-514
46146,96,6857,-6761
46147,983,933,50
46148,2008,2785,-777
46149,740,58,682
46150,327,3881,-3554
46151,11951,432,11519
46154,151,4354,-4203
46155,88,73,15
46156,464,341,123
46157,1270,3905,-2635
46158,9057,361,8696
46160,2565,209,2356
46161,796,1539,-743
46162,167,633,-466
46163,5092,1133,3959
46164,1627,650,977
46165,731,1246,-515
46166,944,8531,-7587
46167,2606,514,2092
46168,13973,2023,11950
46170,0,1110,-1110
46171,798,69,729
46172,926,167,759
46173,4050,291,3759
46175,200,1700,-1500
46176,11536,511,11025
46180,362,2236,-1874
46181,1858,2105,-247
46182,695,1575,-880
46183,0,2056,-2056
46184,4554,2529,2025
46186,764,2732,-1968
46201,13652,0,13652
46202,10289,1611,8678
46203,15047,936,14111
46204,5058,150,4908
46205,11919,5447,6472
46206,0,6116,-6116
46208,8843,117,8726
46214,10101,1098,9003
46216,1274,352,922
46217,13545,1506,12039
46218,12795,1477,11318
46219,15848,3942,11906
46220,16775,367,16408
46221,10008,3819,6189
46222,12834,74,12760
46224,15314,1515,13799
46225,2158,658,1500
46226,18971,1433,17538
46227,23132,8133,14999
46228,5724,17631,-11907
46229,11418,463,10955
46231,3463,1567,1896
46234,10091,527,9564
46235,12194,1707,10487
46236,10147,1028,9119
46237,16543,697,15846
46239,11076,404,10672
46240,10050,1177,8873
46241,11278,721,10557
46250,8909,379,8530
46254,16076,19401,-3325
46256,9647,52,9595
46259,4767,1353,3414
46260,14641,326,14315
46268,10905,564,10341
46278,3252,1196,2056
46280,3447,2429,1018
46290,45,557,-512
46301,293,5649,-5356
46302,33,5552,-5519
46303,5860,5934,-74
46304,10606,390,10216
46307,24846,493,24353
46310,5063,16007,-10944
46311,8274,10504,-2230
46312,9953,2138,7815
46319,7341,565,6776
46320,5491,294,5197
46321,9070,99,8971
46322,9922,606,9316
46323,8062,1272,6790
46324,8642,761,7881
46327,3845,359,3486
46340,534,1268,-734
46341,3856,500,3356
46342,12658,784,11874
46345,43,8262,-8219
46346,531,1943,-1412
46347,1743,392,1351
46348,459,1705,-1246
46349,1097,54,1043
46350,18092,8867,9225
46356,6755,702,6053
46360,17680,74,17606
46365,286,724,-438
46366,2116,7844,-5728
46368,15466,261,15205
46371,1221,701,520
46373,6187,675,5512
46374,278,11219,-10941
46375,9528,246,9282
46376,69,638,-569
46377,68,80,-12
46379,177,1030,-853
46381,197,11763,-11566
46382,800,10254,-9454
46383,17053,13012,4041
46385,15329,1783,13546
46390,1258,0,1258
46391,1976,1719,257
46392,2858,69,2789
46393,114,269,-155
46394,4827,588,4239
46402,2385,2000,385
46403,4827,2088,2739
46404,6502,9278,-2776
46405,4283,1355,2928
46406,3149,274,2875
46407,4126,1402,2724
46408,5951,67,5884
46409,2629,1090,1539
46410,16272,353,15919
46501,1268,1174,94
46502,0,859,-859
46504,1177,1112,65
46506,3659,87,3572
46507,3253,609,2644
46508,91,1599,-1508
46510,1255,4103,-2848
46511,1662,201,1461
46513,0,263,-263
46514,16320,2294,14026
46516,11892,442,11450
46517,8859,1131,7728
46524,849,2229,-1380
46526,11372,507,10865
46528,7873,418,7455
46530,11540,1206,10334
46531,623,619,4
46532,523,53,470
46534,3921,11336,-7415
46536,1147,38,1109
46537,260,962,-702
46538,1573,556,1017
46539,1003,5015,-4012
46540,4130,858,3272
46542,1609,19393,-17784
46543,866,723,143
46544,12816,67,12749
46545,12071,73,11998
46550,4148,1068,3080
46552,2443,742,1701
46553,1119,708,411
46554,1767,501,1266
46555,1152,300,852
46556,174,105,69
46561,5338,2195,3143
46562,1971,599,1372
46563,8526,3340,5186
46565,2416,2697,-281
46567,3843,17475,-13632
46570,400,13132,-12732
46571,1572,8764,-7192
46572,43,0,43
46573,1299,0,1299
46574,3246,10164,-6918
46580,8266,17,8249
46582,5814,11495,-5681
46590,1651,3594,-1943
46595,15,504,-489
46601,2189,3067,-878
46613,3919,474,3445
46614,12285,1752,10533
46615,6224,1592,4632
46616,2352,32,2320
46617,4343,601,3742
46619,7451,0,7451
46624,34,1745,-1711
46628,11030,3852,7178
46635,2646,372,2274
46637,7171,4206,2965
46701,3031,2980,51
46702,858,214,644
46703,7204,648,6556
46704,30,1834,-1804
46705,703,182,521
46706,7750,3065,4685
46710,1745,38,1707
46711,2417,380,2037
46714,5984,14,5970
46721,1902,0,1902
46723,2949,1484,1465
46725,9736,4740,4996
46730,312,1836,-1524
46731,263,65,198
46732,1010,247,763
46733,7682,18,7664
46737,3038,545,2493
46738,3355,686,2669
46740,1187,723,464
46741,1381,1049,332
46742,1342,6671,-5329
46743,991,1562,-571
46745,704,785,-81
46746,1430,122,1308
46747,945,349,596
46748,2256,590,1666
46750,10793,164,10629
46755,6094,1186,4908
46759,158,233,-75
46760,506,110,396
46761,4021,1431,2590
46763,550,268,282
46764,439,110,329
46765,1932,666,1266
46766,180,250,-70
46767,2815,374,2441
46770,1079,284,795
46771,39,1700,-1661
46772,839,178,661
46773,1309,11,1298
46774,7041,275,6766
46776,654,413,241
46777,2634,3396,-762
46778,44,8380,-8336
46779,889,294,595
46781,312,344,-32
46783,2858,44,2814
46784,819,3101,-2282
46785,592,536,56
46786,17,1249,-1232
46787,1535,583,952
46788,963,1557,-594
46789,86,626,-540
46791,388,2260,-1872
46792,1530,215,1315
46793,1710,44,1666
46794,587,428,159
46795,2493,122,2371
46796,46,395,-349
46797,1263,256,1007
46798,410,1100,-690
46799,184,191,-7
46802,4887,1545,3342
46803,3912,70,3842
46804,12346,222,12124
46805,9524,4804,4720
46806,8505,281,8224
46807,6165,313,5852
46808,8471,10339,-1868
46809,4089,90,3999
46814,5255,368,4887
46815,10246,1528,8718
46816,7193,5506,1687
46818,7933,1821,6112
46819,4242,550,3692
46825,12623,387,12236
46835,14475,995,13480
46845,10003,554,9449
46901,16251,135,16116
46902,15522,599,14923
46910,1140,5255,-4115
46911,576,12777,-12201
46913,449,817,-368
46914,960,1017,-57
46915,324,1027,-703
46917,700,2149,-1449
46919,776,558,218
46920,458,1266,-808
46922,0,1529,-1529
46923,3149,392,2757
46926,573,1820,-1247
46928,1935,635,1300
46929,1329,44,1285
46930,70,1991,-1921
46931,117,1413,-1296
46932,1386,582,804
46933,2635,4771,-2136
46936,2206,57,2149
46937,29,243,-214
46938,1152,8509,-7357
46939,766,12763,-11997
46940,1104,10219,-9115
46941,335,4637,-4302
46943,45,13497,-13452
46945,19,12775,-12756
46946,39,6857,-6818
46947,11071,5973,5098
46950,237,12415,-12178
46951,745,8435,-7690
46952,8085,4426,3659
46953,8361,4886,3475
46957,201,5083,-4882
46958,354,0,354
46959,236,328,-92
46960,470,515,-45
46961,32,7430,-7398
46962,3167,0,3167
46965,0,441,-441
46967,57,788,-731
46968,57,589,-532
46970,8487,807,7680
46971,0,3920,-3920
46974,686,248,438
46975,5602,390,5212
46978,919,726,193
46979,1781,118,1663
46980,31,915,-884
46982,1036,47,989
46984,17,467,-450
46985,462,206,256
46986,688,171,517
46987,472,416,56
46988,337,439,-102
46989,1467,111,1356
46990,214,165,49
46991,823,542,281
46992,7168,79,7089
46994,957,26,931
46996,2561,139,2422
46998,102,1160,-1058
47001,4353,28,4325
47003,475,92,383
47006,4809,2656,2153
47010,54,1417,-1363
47011,291,0,291
47012,4110,1391,2719
47016,369,11,358
47017,251,152,99
47018,1642,3466,-1824
47020,400,72,328
47021,0,3284,-3284
47022,1159,1975,-816
47023,872,6620,-5748
47024,1235,16383,-15148
47025,8681,22411,-13730
47030,679,0,679
47031,1992,15588,-13596
47032,1222,34,1188
47033,0,181,-181
47034,64,2403,-2339
47035,103,893,-790
47036,369,469,-100
47037,1700,573,1127
47038,348,1391,-1043
47040,2281,82,2199
47041,2279,92,2187
47042,1653,384,1269
47043,1996,835,1161
47060,2479,249,2230
47102,2670,427,2243
47104,9,2116,-2107
47106,1558,10745,-9187
47108,907,470,437
47110,202,398,-196
47111,6372,284,6088
47112,6406,279,6127
47114,189,1384,-1195
47115,1037,712,325
47116,195,575,-380
47117,1550,595,955
47118,1270,312,958
47119,4214,907,3307
47120,322,1179,-857
47122,3895,930,2965
47123,54,464,-410
47124,1780,777,1003
47125,614,96,518
47126,1521,1034,487
47129,8304,6259,2045
47130,19235,796,18439
47135,341,60,281
47136,1498,272,1226
47137,608,207,401
47138,1859,296,1563
47140,1108,284,824
47141,607,59,548
47142,238,755,-517
47143,1266,749,517
47145,848,469,379
47147,433,226,207
47150,19462,853,18609
47160,31,4292,-4261
47161,1163,431,732
47162,202,375,-173
47163,367,56,311
47164,1444,88,1356
47165,2679,1609,1070
47166,479,524,-45
47167,5756,588,5168
47170,5834,472,5362
47172,6969,529,6440
47174,24,1545,-1521
47175,315,151,164
47177,682,609,73
47201,18539,39,18500
47203,10549,5131,5418
47220,2139,1189,950
47223,371,2206,-1835
47224,153,1831,-1678
47225,35,1419,-1384
47226,96,8824,-8728
47227,624,1487,-863
47229,1013,3670,-2657
47230,761,5255,-4494
47231,243,12599,-12356
47232,869,948,-79
47234,592,2174,-1582
47235,605,5545,-4940
47236,68,5999,-5931
47240,8545,1243,7302
47243,1854,571,1283
47244,191,6768,-6577
47246,1406,803,603
47247,73,7498,-7425
47250,9313,6457,2856
47260,713,14130,-13417
47263,71,9082,-9011
47264,532,18174,-17642
47265,7584,3143,4441
47270,185,4202,-4017
47272,642,1607,-965
47273,924,8908,-7984
47274,12352,7019,5333
47280,306,17527,-17221
47281,513,10989,-10476
47282,91,14571,-14480
47283,1294,2573,-1279
47302,10774,2034,8740
47303,10043,606,9437
47304,13663,5695,7968
47305,1675,2845,-1170
47306,0,6307,-6307
47320,1873,16210,-14337
47324,73,3557,-3484
47325,181,1487,-1306
47326,583,1458,-875
47327,1779,3894,-2115
47330,2116,19893,-17777
47331,9493,11963,-2470
47334,1295,1114,181
47335,293,2313,-2020
47336,1211,12751,-11540
47337,63,6578,-6515
47338,1068,16300,-15232
47339,182,3696,-3514
47340,1255,8949,-7694
47341,968,10020,-9052
47342,939,4746,-3807
47344,73,10735,-10662
47345,521,8929,-8408
47346,1430,7171,-5741
47348,3870,8930,-5060
47351,176,6039,-5863
47352,279,8385,-8106
47353,2148,9253,-7105
47354,559,11360,-10801
47355,1336,12135,-10799
47356,2360,10302,-7942
47357,309,10058,-9749
47358,381,6519,-6138
47359,1219,1791,-572
47360,568,1465,-897
47361,96,1912,-1816
47362,10731,6992,3739
47366,14,11062,-11048
47367,42,23342,-23300
47368,804,14535,-13731
47369,778,14248,-13470
47370,93,11172,-11079
47371,4840,0,4840
47373,873,16643,-15770
47374,18684,7351,11333
47380,667,10486,-9819
47381,71,3894,-3823
47382,62,5041,-4979
47383,1110,2320,-1210
47384,760,4271,-3511
47385,739,13352,-12613
47386,494,7759,-7265
47387,240,13311,-13071
47388,173,13181,-13008
47390,2236,4098,-1862
47392,74,5190,-5116
47393,517,2550,-2033
47394,3291,2323,968
47396,2724,7621,-4897
47401,18464,10198,8266
47403,14581,1780,12801
47404,10798,4095,6703
47405,0,99,-99
47406,5,1081,-1076
47408,8966,9754,-788
47420,81,0,81
47421,11967,3692,8275
47424,3358,1425,1933
47427,277,14170,-13893
47429,3002,10390,-7388
47431,546,12442,-11896
47432,1834,14319,-12485
47433,1411,627,784
47434,10,2896,-2886
47435,69,844,-775
47436,582,4725,-4143
47437,68,10509,-10441
47438,1562,11748,-10186
47441,3861,3252,609
47443,455,2375,-1920
47445,32,4208,-4176
47446,3740,9239,-5499
47448,3115,7526,-4411
47449,150,7806,-7656
47451,548,15960,-15412
47452,1972,4658,-2686
47453,175,11777,-11602
47454,3047,7766,-4719
47455,27,102,-75
47456,553,11364,-10811
47457,9,1236,-1227
47458,17,23463,-23446
47459,1383,8037,-6654
47460,4641,16705,-12064
47462,1732,6915,-5183
47464,155,21028,-20873
47465,153,13237,-13084
47467,0,16702,-16702
47468,634,13990,-13356
47469,697,5355,-4658
47470,588,28,560
47471,1220,1284,-64
47501,6965,10665,-3700
47512,1713,5765,-4052
47513,708,12878,-12170
47514,131,24128,-23997
47515,333,15386,-15053
47516,438,6052,-5614
47519,197,7196,-6999
47520,1158,10547,-9389
47521,341,10118,-9777
47522,131,13358,-13227
47523,1311,7918,-6607
47524,189,10517,-10328
47525,117,4315,-4198
47527,833,9601,-8768
47528,209,9111,-8902
47529,389,2087,-1698
47531,342,11241,-10899
47532,1666,9143,-7477
47535,278,9450,-9172
47537,335,5137,-4802
47541,438,2066,-1628
47542,3969,3238,731
47546,9025,2901,6124
47550,232,17479,-17247
47551,184,10341,-10157
47552,95,14604,-14509
47553,3076,9009,-5933
47557,573,14792,-14219
47558,1349,5935,-4586
47561,675,3044,-2369
47562,1685,16345,-14660
47564,573,18660,-18087
47567,2545,3579,-1034
47568,224,6388,-6164
47573,15,0,15
47574,83,12536,-12453
47575,383,17597,-17214
47576,152,11790,-11638
47577,428,11507,-11079
47578,253,12018,-11765
47579,1064,13623,-12559
47580,147,6698,-6551
47581,1370,0,1370
47584,75,0,75
47585,263,5328,-5065
47586,4862,6207,-1345
47588,343,6368,-6025
47590,200,9426,-9226
47591,10501,17127,-6626
47596,28,10950,-10922
47597,319,14906,-14587
47598,1213,13350,-12137
47601,5410,13287,-7877
47610,2028,7943,-5915
47611,349,9854,-9505
47612,253,9755,-9502
47613,974,10603,-9629
47615,721,1965,-1244
47616,82,11768,-11686
47619,713,6147,-5434
47620,5379,6389,-1010
47630,14441,8985,5456
47631,859,9319,-8460
47633,982,10549,-9567
47634,891,9331,-8440
47635,2303,8666,-6363
47637,584,7484,-6900
47638,1275,10597,-9322
47639,1636,10736,-9100
47640,360,9739,-9379
47648,1926,6569,-4643
47649,594,7199,-6605
47654,11,9052,-9041
47660,1822,7936,-6114
47665,1503,2565,-1062
47666,573,2285,-1712
47670,4618,3104,1514
47683,36,3013,-2977
47708,336,3044,-2708
47710,8023,4308,3715
47711,13338,5600,7738
47712,9726,1782,7944
47713,4475,1736,2739
47714,14425,578,13847
47715,13255,7944,5311
47720,6724,4618,2106
47725,7442,8695,-1253
47802,13048,7822,5226
47803,9032,2517,6515
47804,4662,4921,-259
47805,5488,7543,-2055
47807,5286,4410,876
47809,0,6777,-6777
47831,0,9592,-9592
47832,487,6810,-6323
47833,311,0,311
47834,7724,629,7095
47836,0,33,-33
47837,360,2088,-1728
47838,766,2995,-2229
47840,798,1021,-223
47841,1032,3447,-2415
47842,4179,1775,2404
47845,70,1038,-968
47846,215,1536,-1321
47847,424,1069,-645
47848,543,8302,-7759
47849,166,2363,-2197
47850,905,2277,-1372
47851,0,13479,-13479
47853,66,395,-329
47854,244,1109,-865
47855,392,1863,-1471
47857,105,3394,-3289
47858,438,14200,-13762
47859,305,279,26
47860,166,10260,-10094
47861,210,30,180
47862,565,707,-142
47863,94,1323,-1229
47865,1,200,-199
47866,168,2415,-2247
47868,1251,19024,-17773
47869,18,100,-82
47870,0,1705,-1705
47871,210,7721,-7511
47872,2362,3313,-951
47874,1233,552,681
47875,0,11997,-11997
47876,0,1080,-1080
47879,1431,1977,-546
47880,41,5265,-5224
47881,75,1905,-1830
47882,3216,478,2738
47884,152,3029,-2877
47885,3535,361,3174
47901,2512,2937,-425
47904,7211,8172,-961
47905,17398,837,16561
47906,25144,3016,22128
47907,0,4720,-4720
47909,16631,1725,14906
47916,13,725,-712
47917,177,258,-81
47918,2212,568,1644
47920,962,1135,-173
47921,423,638,-215
47922,556,539,17
47923,1359,294,1065
47924,109,2290,-2181
47925,7,685,-678
47926,416,8282,-7866
47928,705,1017,-312
47929,263,236,27
47930,461,214,247
47932,2233,10956,-8723
47933,11509,11743,-234
47940,610,9369,-8759
47941,490,11574,-11084
47942,297,12903,-12606
47943,296,3868,-3572
47944,1347,3167,-1820
47946,741,3488,-2747
47948,552,8341,-7789
47949,515,0,515
47950,287,0,287
47951,1135,0,1135
47952,1253,14708,-13455
47954,858,11445,-10587
47955,383,11820,-11437
47957,714,4633,-3919
47958,50,703,-653
47959,841,4802,-3961
47960,6188,1459,4729
47963,887,2602,-1715
47964,38,3957,-3919
47965,234,449,-215
47966,169,478,-309
47967,301,1203,-902
47968,423,2852,-2429
47969,118,3385,-3267
47970,763,2201,-1438
47971,719,214,505
47974,412,527,-115
47975,338,2567,-2229
47977,936,4632,-3696
47978,4165,6903,-2738
47980,448,6031,-5583
47981,299,2337,-2038
47982,57,73,-16
47983,32,825,-793
47986,0,3647,-3647
47987,1545,50,1495
47989,417,1759,-1342
47990,619,2190,-1571
47991,475,115,360
47992,568,1779,-1211
47993,1418,702,716
47994,180,451,-271
47995,665,1261,-596
47997,58,5586,-5528
48001,5142,12989,-7847
48002,1226,13091,-11865
48003,2185,1876,309
48005,1823,551,1272
48006,1411,2764,-1353
48009,9383,2275,7108
48014,1718,616,1102
48015,3664,4496,-832
48017,5854,961,4893
48021,13351,2457,10894
48022,1064,2028,-964
48023,1959,3251,-1292
48025,5679,2075,3604
48026,6337,995,5342
48027,1206,3957,-2751
48028,490,541,-51
48030,6801,0,6801
48032,771,564,207
48033,7628,1384,6244
48034,7619,189,7430
48035,14668,16935,-2267
48036,9024,11153,-2129
48038,20491,0,20491
48039,3333,459,2874
48040,4371,164,4207
48041,1667,1289,378
48042,11216,4842,6374
48043,6506,116,6390
48044,19402,1213,18189
48045,11738,2365,9373
48047,15562,483,15079
48048,3183,180,3003
48049,2229,585,1644
48050,574,2116,-1542
48051,6576,676,5900
48054,2928,4827,-1899
48059,6130,726,5404
48060,16558,3067,13491
48062,3387,357,3030
48063,1545,563,982
48064,1422,568,854
48065,4623,1706,2917
48066,21020,1079,19941
48067,12556,778,11778
48069,1175,699,476
48070,2363,3,2360
48071,13487,1779,11708
48072,7067,526,6541
48073,16458,3092,13366
48074,3634,582,3052
48075,9654,782,8872
48076,9996,468,9528
48079,4950,3758,1192
48080,10882,346,10536
48081,8968,1388,7580
48082,7183,1752,5431
48083,9677,1632,8045
48084,6646,1422,5224
48085,9111,490,8621
48088,9641,455,9186
48089,12774,505,12269
48091,11388,2069,9319
48092,10510,315,10195
48093,10189,524,9665
48094,7749,818,6931
48095,1983,3675,-1692
48096,1612,710,902
48097,2182,4672,-2490
48098,7315,613,6702
48101,11796,319,11477
48103,23876,2294,21582
48104,17660,4130,13530
48105,15170,1331,13839
48108,11879,8044,3835
48109,114,900,-786
48111,18131,15,18116
48114,8013,2548,5465
48116,11092,904,10188
48117,4210,918,3292
48118,5433,6456,-1023
48120,2610,2352,258
48122,4536,1017,3519
48124,13389,19544,-6155
48125,8133,8,8125
48126,14607,5716,8891
48127,13804,1346,12458
48128,4343,1257,3086
48130,5913,499,5414
48131,3441,832,2609
48133,2135,883,1252
48134,8825,4973,3852
48135,10979,7590,3389
48137,1926,6941,-5015
48138,4241,5690,-1449
48139,61,335,-274
48140,1286,8165,-6879
48141,9031,15965,-6934
48143,64,339,-275
48144,3999,6400,-2401
48145,1231,2396,-1165
48146,15284,2728,12556
48150,10405,2167,8238
48152,12454,1658,10796
48154,14593,957,13636
48157,591,35,556
48158,3145,252,2893
48159,986,6849,-5863
48160,4920,5264,-344
48161,11207,314,10893
48162,11908,909,10999
48164,3194,17131,-13937
48165,3221,453,2768
48166,4739,585,4154
48167,9904,8044,1860
48168,8844,663,8181
48169,8307,1794,6513
48170,17498,11359,6139
48173,4892,48,4844
48174,11897,703,11194
48176,8372,2921,5451
48177,113,583,-470
48178,13451,103,13348
48179,1419,3788,-2369
48180,24643,1618,23025
48182,8443,949,7494
48183,17721,601,17120
48184,7025,6817,208
48185,21729,2891,18838
48186,13534,1882,11652
48187,19352,2661,16691
48188,16136,1666,14470
48189,6064,376,5688
48190,76,869,-793
48191,1487,2451,-964
48192,10922,545,10377
48193,6490,727,5763
48195,12566,1122,11444
48197,26626,1665,24961
48198,16542,2078,14464
48201,7741,699,7042
48202,7202,4334,2868
48203,8873,58,8815
48204,8929,598,8331
48205,12504,10598,1906
48206,6325,15113,-8788
48207,10718,16091,-5373
48208,3904,7776,-3872
48209,9081,3549,5532
48210,8031,14625,-6594
48211,1855,0,1855
48212,11484,1628,9856
48213,7572,9146,-1574
48214,9542,8180,1362
48215,4534,6301,-1767
48216,2504,9877,-7373
48217,2707,4202,-1495
48218,2894,6786,-3892
48219,17738,17360,378
48220,11317,6893,4424
48221,15383,833,14550
48223,9482,1334,8148
48224,13189,1783,11406
48225,5660,7985,-2325
48226,3880,10967,-7087
48227,15118,8385,6733
48228,19253,2241,17012
48229,3421,12247,-8826
48230,6919,11343,-4424
48233,0,810,-810
48234,12432,35,12397
48235,17830,2188,15642
48236,12209,583,11626
48237,12262,817,11445
48238,10052,2981,7071
48239,13866,1111,12755
48240,6566,729,5837
48242,0,851,-851
48243,0,8489,-8489
48301,5879,9191,-3312
48302,6558,3595,2963
48304,6556,1193,5363
48306,9666,1725,7941
48307,17983,890,17093
48309,11203,2174,9029
48310,14882,3019,11863
48312,13677,5693,7984
48313,13724,10061,3663
48314,8846,603,8243
48315,10696,1050,9646
48316,11122,442,10680
48317,12256,2522,9734
48320,2106,2622,-516
48322,12610,1363,11247
48323,6191,2352,3839
48324,6515,7273,-758
48326,10939,667,10272
48327,9373,528,8845
48328,11393,1452,9941
48329,9696,2429,7267
48331,9152,201,8951
48334,8028,1712,6316
48335,11033,5865,5168
48336,11723,858,10865
48340,10690,3428,7262
48341,7735,1050,6685
48342,6169,1790,4379
48346,9249,131,9118
48348,8782,23,8759
48350,2781,1370,1411
48353,2766,3511,-745
48356,3107,4759,-1652
48357,3226,5965,-2739
48359,4090,2560,1530
48360,4677,2595,2082
48362,5830,8,5822
48363,2283,10326,-8043
48367,1601,2284,-683
48370,534,1310,-776
48371,9477,656,8821
48374,5661,5597,64
48375,9793,7242,2551
48377,8835,809,8026
48380,2767,7006,-4239
48381,5479,1621,3858
48382,8450,784,7666
48383,4620,1224,3396
48386,7238,3974,3264
48390,10426,2180,8246
48393,8736,2104,6632
48401,603,1259,-656
48410,55,490,-435
48411,28,3741,-3713
48412,2056,0,2056
48413,2883,1854,1029
48414,1046,4175,-3129
48415,3468,1174,2294
48416,1937,3679,-1742
48417,1112,719,393
48418,1556,113,1443
48419,971,191,780
48420,8784,1550,7234
48421,2472,43,2429
48422,2517,14237,-11720
48423,14412,903,13509
48426,374,536,-162
48427,1162,4276,-3114
48428,2067,1729,338
48429,3786,179,3607
48430,15207,812,14395
48432,248,15012,-14764
48433,10141,9043,1098
48434,66,14977,-14911
48435,872,1028,-156
48436,1541,14961,-13420
48437,262,5231,-4969
48438,2544,449,2095
48439,21012,2285,18727
48440,75,1107,-1032
48441,1595,4163,-2568
48442,9076,972,8104
48444,3701,1158,2543
48445,501,949,-448
48446,12065,760,11305
48449,1018,1722,-704
48450,2261,1104,1157
48451,5493,604,4889
48453,2012,3434,-1422
48454,462,864,-402
48455,3160,5567,-2407
48456,295,1811,-1516
48457,3234,1273,1961
48458,7757,2191,5566
48460,1049,298,751
48461,3047,1423,1624
48462,4873,2273,2600
48463,1798,2258,-460
48464,836,988,-152
48465,219,1410,-1191
48466,632,1538,-906
48467,1220,673,547
48468,530,1401,-871
48469,596,883,-287
48470,278,123,155
48471,2313,502,1811
48472,597,0,597
48473,9652,743,8909
48475,1015,1906,-891
48476,205,1170,-965
48502,55,1562,-1507
48503,9609,367,9242
48504,10115,2173,7942
48505,7247,2124,5123
48506,9904,798,9106
48507,12357,862,11495
48509,3871,1360,2511
48519,3245,380,2865
48529,3791,1337,2454
48532,8214,266,7948
48601,13450,190,13260
48602,11283,1156,10127
48603,12244,1210,11034
48604,4283,1975,2308
48607,677,5915,-5238
48609,5290,688,4602
48610,1484,512,972
48611,2692,58,2634
48612,3625,6171,-2546
48613,385,2646,-2261
48614,447,360,87
48615,1095,1596,-501
48616,3055,965,2090
48617,3293,3549,-256
48618,2095,6996,-4901
48619,255,729,-474
48620,56,1062,-1006
48621,398,104,294
48622,2171,6945,-4774
48623,5119,7203,-2084
48624,6693,479,6214
48625,5093,5347,-254
48626,2278,28,2250
48627,47,6244,-6197
48628,820,451,369
48629,3637,3117,520
48630,26,598,-572
48631,1826,1399,427
48632,2058,2970,-912
48633,101,1516,-1415
48634,1968,3147,-1179
48635,771,1765,-994
48636,350,6135,-5785
48637,1242,1202,40
48638,5938,3917,2021
48640,13108,140,12968
48642,13844,1491,12353
48647,1478,4798,-3320
48649,546,688,-142
48650,2792,825,1967
48651,1995,1155,840
48652,769,11576,-10807
48653,4545,631,3914
48654,1023,1977,-954
48655,2290,1413,877
48656,1818,5134,-3316
48657,3086,2208,878
48658,2006,465,1541
48659,919,4572,-3653
48661,4417,3178,1239
48662,555,5491,-4936
48701,541,623,-82
48703,1434,810,624
48705,221,3072,-2851
48706,16908,685,16223
48708,11366,374,10992
48710,0,3600,-3600
48720,419,895,-476
48721,204,652,-448
48722,1310,4232,-2922
48723,4964,2558,2406
48724,355,11793,-11438
48725,1059,10248,-9189
48726,2165,2793,-628
48727,366,2354,-1988
48728,157,2258,-2101
48729,579,16036,-15457
48730,2234,16120,-13886
48731,661,1170,-509
48732,5140,11176,-6036
48733,643,9704,-9061
48734,3214,7395,-4181
48735,438,0,438
48737,589,1118,-529
48738,557,637,-80
48739,1777,2691,-914
48740,1099,593,506
48741,789,15260,-14471
48742,752,15551,-14799
48743,27,9729,-9702
48744,1802,7954,-6152
48745,554,895,-341
48746,3223,1301,1922
48747,595,1062,-467
48748,670,884,-214
48749,482,2087,-1605
48750,4305,644,3661
48754,362,1061,-699
48755,1248,1748,-500
48756,1738,1760,-22
48757,1586,7961,-6375
48759,1537,4027,-2490
48760,542,24,518
48761,427,439,-12
48762,487,2962,-2475
48763,1921,3464,-1543
48765,263,9132,-8869
48766,529,14491,-13962
48767,914,16018,-15104
48768,3634,12919,-9285
48770,633,11760,-11127
48801,5181,12132,-6951
48806,645,15419,-14774
48807,360,9528,-9168
48808,3004,6896,-3892
48809,4063,11307,-7244
48811,1255,10672,-9417
48813,7618,8732,-1114
48815,814,3782,-2968
48816,180,11778,-11598
48817,2395,11582,-9187
48818,983,8463,-7480
48819,909,78,831
48820,6671,530,6141
48821,2421,287,2134
48822,911,1223,-312
48823,21619,1809,19810
48824,0,820,-820
48825,0,1408,-1408
48827,6033,242,5791
48829,1337,444,893
48831,1382,821,561
48832,543,1282,-739
48834,754,1068,-314
48835,1069,379,690
48836,5149,550,4599
48837,8579,223,8356
48838,7197,34,7163
48840,6095,137,5958
48841,304,1043,-739
48842,9250,625,8625
48843,17798,2325,15473
48845,290,455,-165
48846,6745,1507,5238
48847,2205,49,2156
48848,2847,1620,1227
48849,2096,211,1885
48850,1700,1242,458
48851,922,310,612
48852,66,1018,-952
48853,254,736,-482
48854,7413,306,7107
48855,5716,2180,3536
48856,305,732,-427
48857,1277,681,596
48858,16860,3484,13376
48859,24,885,-861
48860,546,2055,-1509
48861,733,1328,-595
48862,2,3077,-3075
48864,8912,794,8118
48865,654,290,364
48866,1729,1152,577
48867,11425,478,10947
48870,68,1413,-1345
48871,822,2613,-1791
48872,2518,5921,-3403
48873,433,2052,-1619
48874,72,983,-911
48875,4117,1631,2486
48876,1745,31,1714
48877,860,244,616
48878,627,1194,-567
48879,6819,878,5941
48880,2625,64,2561
48881,2047,541,1506
48883,2664,1427,1237
48884,1647,2792,-1145
48885,425,521,-96
48886,708,804,-96
48888,2517,1795,722
48889,618,846,-228
48890,735,15612,-14877
48891,1036,13651,-12615
48892,1936,915,1021
48893,2128,763,1365
48894,746,2340,-1594
48895,4720,470,4250
48896,89,332,-243
48897,590,1895,-1305
48906,10638,10065,573
48910,15183,1687,13496
48911,16400,172,16228
48912,8025,3292,4733
48915,4012,694,3318
48917,15362,1228,14134
48933,1583,364,1219
49001,8956,41,8915
49002,8281,313,7968
49004,7268,611,6657
49006,10340,3950,6390
49007,4384,6390,-2006
49008,6614,101,6513
49009,19129,456,18673
49010,6681,371,6310
49011,941,512,429
49012,1353,2896,-1543
49013,1799,159,1640
49014,8246,693,7553
49015,11590,756,10834
49017,8605,776,7829
49021,2279,7910,-5631
49022,12857,252,12605
49024,12427,4213,8214
49026,849,3032,-2183
49027,83,347,-264
49028,2252,362,1890
49029,539,546,-7
49030,882,1595,-713
49031,3280,837,2443
49032,1121,69,1052
49033,712,1949,-1237
49034,871,760,111
49036,9346,275,9071
49037,8798,974,7824
49038,3755,813,2942
49040,1204,1735,-531
49042,1892,187,1705
49043,893,790,103
49045,2410,259,2151
49046,3021,289,2732
49047,6053,49,6004
49048,9514,1731,7783
49050,499,1015,-516
49051,912,246,666
49052,339,629,-290
49053,2790,6897,-4107
49055,2394,824,1570
49056,1190,50,1140
49057,2101,857,1244
49058,7361,822,6539
49060,906,2159,-1253
49061,640,725,-85
49063,40,1837,-1797
49064,1363,252,1111
49065,2862,8238,-5376
49066,256,1101,-845
49067,1609,106,1503
49068,6383,197,6186
49070,869,911,-42
49071,4145,129,4016
49072,1133,947,186
49073,1924,4920,-2996
49074,63,2874,-2811
49075,81,135,-54
49076,1397,280,1117
49078,3823,1351,2472
49079,4869,122,4747
49080,6174,367,5807
49082,2359,574,1785
49083,2950,242,2708
49084,12,327,-315
49085,10055,231,9824
49087,2232,417,1815
49088,1364,19,1345
49089,656,140,516
49090,5710,606,5104
49091,7620,90,7530
49092,746,159,587
49093,7404,57,7347
49094,1408,441,967
49095,914,7584,-6670
49096,1133,326,807
49097,4641,118,4523
49098,2244,117,2127
49099,2446,389,2057
49101,1238,394,844
49102,648,4052,-3404
49103,4166,237,3929
49104,0,183,-183
49106,2106,367,1739
49107,4187,2863,1324
49111,1295,404,891
49112,4221,76,4145
49113,788,5027,-4239
49115,86,60,26
49116,70,587,-517
49117,1741,2828,-1087
49119,55,12761,-12706
49120,14534,5610,8924
49125,957,228,729
49126,451,1732,-1281
49127,4426,58,4368
49128,1405,39,1366
49129,310,3228,-2918
49130,539,1842,-1303
49201,16480,1366,15114
49202,8433,232,8201
49203,15379,96,15283
49220,1056,65,991
49221,15432,440,14992
49224,4423,447,3976
49227,458,11,447
49228,2070,1628,442
49229,1274,416,858
49230,4440,523,3917
49232,944,172,772
49233,1182,45,1137
49234,1074,191,883
49235,817,696,121
49236,1914,179,1735
49237,1106,1197,-91
49238,683,298,385
49240,3594,838,2756
49241,843,907,-64
49242,5589,319,5270
49245,1512,249,1263
49246,1347,641,706
49247,2167,116,2051
49248,319,62,257
49249,1397,75,1322
49250,2284,628,1656
49251,2407,896,1511
49252,1037,189,848
49253,1237,1297,-60
49254,1795,508,1287
49255,634,3048,-2414
49256,1512,251,1261
49258,4,1078,-1074
49259,1117,87,1030
49261,77,84,-7
49262,478,97,381
49263,14,1830,-1816
49264,555,136,419
49265,2125,348,1777
49266,1264,238,1026
49267,1472,154,1318
49268,504,114,390
49269,2081,3065,-984
49270,2038,3172,-1134
49271,859,413,446
49272,1001,2894,-1893
49274,1432,3887,-2455
49276,394,44,350
49277,1184,1069,115
49279,379,1658,-1279
49282,30,386,-356
49283,1002,291,711
49284,1076,584,492
49285,2477,62,2415
49286,5762,1452,4310
49287,844,111,733
49288,539,529,10
49289,23,173,-150
49301,6941,73,6868
49302,3020,51,2969
49303,325,100,225
49304,1521,342,1179
49305,1063,204,859
49306,3939,239,3700
49307,7082,1039,6043
49309,759,527,232
49310,996,113,883
49312,99,191,-92
49315,8738,295,8443
49316,8949,629,8320
49318,484,2551,-2067
49319,6997,289,6708
49320,112,632,-520
49321,6731,259,6472
49322,422,388,34
49323,3714,6338,-2624
49325,745,12742,-11997
49326,1452,0,1452
49327,3131,0,3131
49328,1559,11357,-9798
49329,3134,637,2497
49330,1855,8731,-6876
49331,6600,3705,2895
49332,1414,10163,-8749
49333,4835,1499,3336
49335,12,309,-297
49336,1540,129,1411
49337,4768,656,4112
49338,696,343,353
49339,823,227,596
49340,998,15,983
49341,14091,152,13939
49342,547,1859,-1312
49343,2177,6605,-4428
49344,1455,91,1364
49345,4909,190,4719
49346,2020,26,1994
49347,563,142,421
49348,5163,418,4745
49349,3026,541,2485
49401,8022,2096,5926
49402,681,404,277
49403,934,2603,-1669
49404,3087,276,2811
49405,605,127,478
49406,386,111,275
49408,3779,1273,2506
49409,61,331,-270
49410,709,556,153
49411,720,74,646
49412,4454,830,3624
49415,2643,995,1648
49417,13079,654,12425
49418,11774,278,11496
49419,3004,1025,1979
49420,2319,48,2271
49421,2130,242,1888
49423,17196,100,17096
49424,18059,172,17887
49425,1319,174,1145
49426,13399,443,12956
49428,10250,604,9646
49430,32,445,-413
49431,7392,1083,6309
49434,12,366,-354
49435,1373,160,1213
49436,733,323,410
49437,2566,629,1937
49440,657,63,594
49441,14690,23,14667
49442,15716,20,15696
49443,0,213,-213
49444,9628,59,9569
49445,8712,467,8245
49446,792,380,412
49448,1620,426,1194
49449,1182,215,967
49450,983,996,-13
49451,2181,3681,-1500
49452,763,4569,-3806
49453,1256,1135,121
49454,1770,76,1694
49455,1808,83,1725
49456,8775,381,8394
49457,3990,230,3760
49458,38,110,-72
49459,554,561,-7
49460,2949,336,2613
49461,3630,1324,2306
49464,10380,7212,3168
49503,16301,2938,13363
49504,16544,0,16544
49505,13575,154,13421
49506,12462,2375,10087
49507,12726,581,12145
49508,15761,6271,9490
49509,10415,144,10271
49512,8530,181,8349
49519,10935,250,10685
49525,11868,729,11139
49534,9323,165,9158
49544,4311,4705,-394
49546,13084,561,12523
49548,12437,984,11453
49601,8731,218,8513
49611,146,367,-221
49612,601,222,379
49613,285,1151,-866
49614,1134,164,970
49615,1805,164,1641
49616,853,182,671
49617,1211,372,839
49618,363,509,-146
49619,358,329,29
49620,976,343,633
49621,1404,237,1167
49622,1035,108,927
49623,422,1751,-1329
49625,493,296,197
49626,115,11818,-11703
49627,80,200,-120
49628,81,887,-806
49629,960,517,443
49630,682,422,260
49631,2208,252,1956
49632,475,22,453
49633,1470,604,866
49634,40,247,-207
49635,1318,307,1011
49636,257,1144,-887
49637,1135,1167,-32
49638,339,1149,-810
49639,958,326,632
49640,549,531,18
49642,383,3403,-3020
49643,2817,173,2644
49644,801,921,-120
49645,685,8400,-7715
49646,3455,681,2774
49648,1150,4179,-3029
49649,2273,1390,883
49650,1268,2728,-1460
49651,3102,282,2820
49653,733,1156,-423
49654,292,326,-34
49655,1168,43,1125
49656,625,4886,-4261
49657,1327,3145,-1818
49659,2826,245,2581
49660,5614,236,5378
49663,2157,1161,996
49664,802,1729,-927
49665,1545,7,1538
49667,264,790,-526
49668,1299,297,1002
49670,825,452,373
49674,41,63,-22
49675,376,168,208
49676,1410,516,894
49677,2728,265,2463
49679,449,202,247
49680,677,598,79
49682,1832,1036,796
49683,812,439,373
49684,8985,78,8907
49685,8353,958,7395
49686,11063,164,10899
49688,836,96,740
49689,612,733,-121
49690,2517,317,2200
49696,3848,808,3040
49701,358,1990,-1632
49705,322,506,-184
49706,2081,1080,1001
49707,9889,484,9405
49709,1639,59,1580
49710,181,156,25
49712,3738,21,3717
49713,920,251,669
49715,1334,289,1045
49716,328,416,-88
49717,73,854,-781
49718,260,173,87
49719,648,6165,-5517
49720,4160,137,4023
49721,5658,12897,-7239
49722,43,10530,-10487
49724,367,422,-55
49725,299,322,-23
49726,552,73,479
49727,2919,3173,-254
49728,148,193,-45
49729,666,225,441
49730,799,935,-136
49733,730,168,562
49735,8583,374,8209
49736,219,2934,-2715
49738,4127,12781,-8654
49740,3220,5656,-2436
49743,349,7555,-7206
49744,339,6669,-6330
49745,471,4263,-3792
49746,1545,14524,-12979
49747,872,5935,-5063
49748,71,14342,-14271
49749,2047,0,2047
49751,870,7355,-6485
49752,292,3371,-3079
49753,798,13282,-12484
49755,760,3486,-2726
49756,1809,2050,-241
49757,424,5885,-5461
49759,708,3867,-3159
49760,357,13764,-13407
49762,297,150,147
49764,79,1278,-1199
49765,1713,1302,411
49766,901,681,220
49768,191,20,171
49769,685,4118,-3433
49770,7305,208,7097
49774,924,157,767
49775,24,117,-93
49776,672,111,561
49777,867,202,665
49779,2086,209,1877
49780,584,2315,-1731
49781,1692,1539,153
49782,301,176,125
49783,7786,186,7600
49784,0,2370,-2370
49788,879,159,720
49791,106,254,-148
49793,62,526,-464
49795,791,266,525
49796,171,324,-153
49799,917,1213,-296
49801,5216,226,4990
49802,2635,358,2277
49805,211,294,-83
49806,238,60,178
49807,1402,167,1235
49808,122,701,-579
49812,335,187,148
49814,438,861,-423
49815,132,1295,-1163
49816,280,81,199
49817,262,2373,-2111
49818,470,307,163
49820,106,96,10
49821,506,767,-261
49822,83,22,61
49825,94,635,-541
49826,52,640,-588
49827,427,116,311
49829,7573,356,7217
49831,262,1004,-742
49833,42,120,-78
49834,210,619,-409
49835,314,342,-28
49836,464,168,296
49837,3782,434,3348
49838,204,306,-102
49839,161,401,-240
49840,306,405,-99
49841,2840,369,2471
49847,478,186,292
49848,41,11914,-11873
49849,4892,446,4446
49852,57,3070,-3013
49853,455,647,-192
49854,2824,106,2718
49855,13278,261,13017
49858,5229,454,4775
49861,224,166,58
49862,1446,232,1214
49863,74,76,-2
49864,26,41,-15
49866,3343,333,3010
49868,1703,313,1390
49870,1547,209,1338
49871,220,1464,-1244
49872,98,96,2
49873,43,204,-161
49874,369,311,58
49876,496,517,-21
49877,4,126,-122
49878,1467,439,1028
49879,554,1575,-1021
49880,489,363,126
49881,138,1994,-1856
49883,61,236,-175
49884,222,255,-33
49885,673,411,262
49886,226,409,-183
49887,1061,449,612
49891,210,648,-438
49892,829,233,596
49893,559,75,484
49894,312,156,156
49895,338,2535,-2197
49896,521,44,477
49901,145,763,-618
49902,104,144,-40
49903,114,416,-302
49905,760,323,437
49908,1006,153,853
49910,128,242,-114
49911,1181,252,929
49912,422,268,154
49913,2968,1191,1777
49915,223,250,-27
49916,1215,146,1069
49917,81,77,4
49918,56,582,-526
49919,51,346,-295
49920,1828,87,1741
49921,117,155,-38
49922,348,27,321
49925,259,1107,-848
49927,166,452,-286
49929,78,226,-148
49930,2662,195,2467
49931,3095,320,2775
49934,354,1128,-774
49935,2612,369,2243
49938,3704,91,3613
49942,91,1186,-1095
49945,1295,399,896
49946,1579,144,1435
49947,324,4512,-4188
49948,229,426,-197
49950,527,120,407
49952,53,16,37
49953,1097,101,996
49955,139,3872,-3733
49958,381,469,-88
49959,186,426,-240
49960,85,183,-98
49961,62,994,-932
49962,111,675,-564
49963,245,294,-49
49965,240,669,-429
49967,192,71,121
49968,933,393,540
49969,517,249,268
49970,140,178,-38
49971,205,156,49
50001,230,141,89
50002,589,15366,-14777
50003,3441,4546,-1105
50005,374,972,-598
50006,674,28,646
50007,203,623,-420
50008,317,1231,-914
50009,7688,653,7035
50010,14020,477,13543
50012,0,644,-644
50013,0,1339,-1339
50014,12611,579,12032
50020,535,880,-345
50021,11411,785,10626
50022,3789,446,3343
50023,15555,155,15400
50025,1357,372,985
50026,201,738,-537
50027,157,806,-649
50028,668,1392,-724
50029,248,614,-366
50031,16,264,-248
50032,238,1105,-867
50033,7,3352,-3345
50034,134,416,-282
50035,2987,807,2180
50036,6521,1689,4832
50038,90,263,-173
50039,182,1500,-1318
50040,66,48,18
50041,47,254,-207
50042,88,182,-94
50044,400,315,85
50046,729,1115,-386
50047,2234,2401,-167
50048,339,560,-221
50049,2651,3185,-534
50050,283,5,278
50051,136,1134,-998
50052,43,375,-332
50054,1120,309,811
50055,456,496,-40
50056,484,1018,-534
50057,112,798,-686
50058,762,113,649
50060,1002,263,739
50061,793,69,724
50062,292,1591,-1299
50063,971,1104,-133
50064,63,841,-778
50065,274,4254,-3980
50066,111,495,-384
50067,113,176,-63
50068,115,645,-530
50069,409,12846,-12437
50070,484,8586,-8102
50071,381,7797,-7416
50072,1059,3310,-2251
50073,497,4061,-3564
50074,143,749,-606
50075,310,975,-665
50076,648,45,603
50078,44,146,-102
50101,15,158,-143
50102,50,16,34
50103,155,245,-90
50104,41,1235,-1194
50105,467,36,431
50106,429,218,211
50107,361,331,30
50108,151,490,-339
50109,1325,34,1291
50110,18,161,-143
50111,5945,1160,4785
50112,4782,859,3923
50115,1151,318,833
50116,70,935,-865
50117,61,79,-18
50118,321,308,13
50119,139,272,-133
50120,179,186,-7
50122,575,112,463
50123,361,68,293
50124,1604,100,1504
50125,7523,934,6589
50126,2767,968,1799
50127,0,1095,-1095
50128,156,626,-470
50129,2313,575,1738
50130,575,636,-61
50131,9352,521,8831
50132,139,281,-142
50133,219,37,182
50134,303,105,198
50135,550,179,371
50136,175,18,157
50137,36,3018,-2982
50138,5106,226,4880
50139,456,568,-112
50140,1056,187,869
50141,185,329,-144
50142,358,301,57
50143,230,345,-115
50144,1069,1294,-225
50145,33,722,-689
50146,181,839,-658
50147,159,334,-175
50148,179,485,-306
50149,353,834,-481
50150,377,123,254
50151,257,667,-410
50152,65,4975,-4910
50153,404,215,189
50154,261,784,-523
50155,85,724,-639
50156,1986,223,1763
50157,289,163,126
50158,11669,637,11032
50160,240,939,-699
50161,857,1640,-783
50162,526,2262,-1736
50163,320,89,231
50164,256,757,-501
50165,16,347,-331
50166,673,263,410
50167,332,232,100
50168,349,1097,-748
50169,931,48,883
50170,1241,330,911
50171,1163,467,696
50173,329,1722,-1393
50174,444,483,-39
50201,3551,251,3300
50206,187,454,-267
50207,972,265,707
50208,7752,199,7553
50210,584,220,364
50211,5670,455,5215
50212,1213,465,748
50213,2901,6248,-3347
50214,281,8422,-8141
50216,1152,3595,-2443
50217,222,10011,-9789
50218,138,2224,-2086
50219,4956,1270,3686
50220,3557,134,3423
50222,167,2742,-2575
50223,141,206,-65
50225,1273,89,1184
50226,2362,386,1976
50227,27,464,-437
50228,932,381,551
50229,369,669,-300
50230,393,513,-120
50231,73,1071,-998
50232,263,629,-366
50233,552,624,-72
50234,187,83,104
50235,122,314,-192
50236,783,25,758
50237,1352,513,839
50238,515,1475,-960
50239,32,1689,-1657
50240,894,645,249
50241,55,1409,-1354
50242,194,2538,-2344
50243,129,5625,-5496
50244,781,567,214
50246,294,201,93
50247,905,3064,-2159
50248,1759,368,1391
50249,524,41,483
50250,1018,527,491
50251,550,87,463
50252,114,166,-52
50254,80,992,-912
50255,40,667,-627
50256,262,204,58
50257,392,2159,-1767
50258,378,473,-95
50261,1007,392,615
50262,116,319,-203
50263,9513,560,8953
50264,203,3993,-3790
50265,14380,78,14302
50266,16383,269,16114
50268,390,122,268
50269,62,180,-118
50271,250,5137,-4887
50272,54,251,-197
50273,3441,150,3291
50274,90,255,-165
50275,209,369,-160
50276,855,446,409
50277,200,139,61
50278,308,155,153
50309,6141,3238,2903
50310,13007,728,12279
50311,6386,53,6333
50312,7767,1322,6445
50313,6955,244,6711
50314,3909,97,3812
50315,14956,262,14694
50316,5376,897,4479
50317,14082,820,13262
50319,0,46,-46
50320,8067,326,7741
50321,3377,587,2790
50322,12592,976,11616
50323,5435,666,4769
50324,2137,46,2091
50325,6959,502,6457
50327,4503,407,4096
50401,13410,253,13157
50420,146,318,-172
50421,1124,396,728
50423,1118,321,797
50424,714,13996,-13282
50426,46,14286,-14240
50427,77,1385,-1308
50428,4138,73,4065
50430,191,823,-632
50431,80,151,-71
50432,114,435,-321
50433,81,732,-651
50434,259,180,79
50435,248,347,-99
50436,2196,762,1434
50438,1673,433,1240
50439,125,358,-233
50440,174,238,-64
50441,2182,387,1795
50444,136,3178,-3042
50446,215,780,-565
50447,526,189,337
50448,336,2851,-2515
50449,352,221,131
50450,1233,131,1102
50451,187,349,-162
50452,391,176,215
50453,220,382,-162
50454,40,187,-147
50455,142,1000,-858
50456,702,139,563
50457,152,193,-41
50458,886,68,818
50459,1277,664,613
50460,177,89,88
50461,2304,388,1916
50464,213,95,118
50465,78,2113,-2035
50466,776,179,597
50467,49,386,-337
50468,575,288,287
50469,590,700,-110
50470,95,827,-732
50471,274,495,-221
50472,1037,173,864
50473,104,249,-145
50475,523,209,314
50476,304,233,71
50477,95,3059,-2964
50478,414,337,77
50479,282,286,-4
50480,321,156,165
50482,317,446,-129
50483,288,591,-303
50484,153,708,-555
50501,12008,544,11464
50510,413,29,384
50511,3250,1020,2230
50514,557,2633,-2076
50515,117,73,44
50516,321,123,198
50517,429,2580,-2151
50518,138,203,-65
50519,261,93,168
50520,63,589,-526
50521,14,443,-429
50522,353,721,-368
50523,222,115,107
50524,232,383,-151
50525,1563,44,1519
50527,52,88,-36
50528,119,139,-20
50529,367,145,222
50530,511,640,-129
50531,103,581,-478
50532,336,205,131
50533,1581,29,1552
50535,474,17729,-17255
50536,1868,5771,-3903
50538,226,5425,-5199
50539,186,159,27
50540,429,2236,-1807
50541,402,642,-240
50542,386,1183,-797
50543,548,417,131
50544,215,510,-295
50545,75,177,-102
50546,171,343,-172
50548,2490,2212,278
50551,20,552,-532
50552,29,681,-652
50554,771,1012,-241
50556,84,121,-37
50557,376,921,-545
50558,228,802,-574
50559,136,212,-76
50560,231,120,111
50561,221,570,-349
50562,167,222,-55
50563,1148,1290,-142
50565,159,330,-171
50566,185,363,-178
50567,106,3295,-3189
50568,539,3660,-3121
50569,348,348,0
50570,74,444,-370
50571,146,42,104
50573,25,1412,-1387
50574,986,645,341
50575,303,465,-162
50576,129,151,-22
50577,183,495,-312
50578,243,163,80
50579,1028,1001,27
50581,333,151,182
50582,105,430,-325
50583,1161,316,845
50585,489,5076,-4587
50586,116,780,-664
50588,4628,216,4412
50590,377,139,238
50591,168,372,-204
50592,53,2455,-2402
50593,17,277,-260
50594,133,588,-455
50595,3637,526,3111
50597,446,484,-38
50598,370,463,-93
50599,224,431,-207
50601,1028,899,129
50602,662,372,290
50603,171,511,-340
50604,669,329,340
50605,112,753,-641
50606,315,155,160
50607,162,1090,-928
50608,28,353,-325
50609,160,590,-430
50611,172,1235,-1063
50612,156,163,-7
50613,16415,63,16352
50616,4306,403,3903
50619,825,44,781
50620,27,68,-41
50621,639,194,445
50622,1190,278,912
50623,66,438,-372
50624,639,2531,-1892
50625,378,1552,-1174
50626,600,446,154
50627,1274,381,893
50628,514,790,-276
50629,873,2992,-2119
50630,690,824,-134
50631,114,196,-82
50632,548,1393,-845
50633,218,440,-222
50634,337,297,40
50635,570,1145,-575
50636,944,102,842
50638,1326,1612,-286
50641,445,1227,-782
50642,235,296,-61
50643,1091,566,525
50644,3516,205,3311
50645,579,751,-172
50647,814,68,746
50648,1418,94,1324
50649,4,75,-71
50650,313,283,30
50651,1357,620,737
50652,47,841,-794
50653,243,141,102
50654,147,888,-741
50655,325,1021,-696
50657,40,305,-265
50658,1031,114,917
50659,2347,97,2250
50660,453,3279,-2826
50662,2840,287,2553
50664,83,232,-149
50665,1095,521,574
50666,310,13622,-13312
50667,320,7740,-7420
50668,429,0,429
50669,971,8516,-7545
50670,907,9123,-8216
50671,112,1956,-1844
50672,207,722,-515
50673,74,384,-310
50674,1519,204,1315
50675,909,1149,-240
50676,902,300,602
50677,4636,487,4149
50680,451,71,380
50681,177,1663,-1486
50682,621,14895,-14274
50701,13026,264,12762
50702,8642,730,7912
50703,7910,26,7884
50707,3531,66,3465
50801,3782,201,3581
50830,649,2778,-2129
50831,10,44,-34
50833,855,167,688
50835,38,1999,-1961
50836,186,400,-214
50837,158,626,-468
50839,25,6467,-6442
50840,268,473,-205
50841,1055,547,508
50842,32,220,-188
50843,196,1013,-817
50845,271,475,-204
50846,472,599,-127
50847,36,326,-290
50848,95,218,-123
50849,1124,1336,-212
50851,826,865,-39
50853,315,294,21
50854,953,348,605
50857,88,796,-708
50858,324,2422,-2098
50859,275,79,196
50860,53,304,-251
50861,121,895,-774
50862,62,389,-327
50863,72,1182,-1110
50864,838,1627,-789
51001,945,919,26
51002,1008,444,564
51003,665,1236,-571
51004,450,547,-97
51005,669,426,243
51006,474,688,-214
51007,231,17,214
51008,68,3028,-2960
51009,63,503,-440
51010,205,643,-438
51011,28,3787,-3759
51012,2747,106,2641
51014,254,124,130
51015,32,1105,-1073
51016,476,1436,-960
51018,252,131,121
51019,224,1845,-1621
51020,228,343,-115
51022,319,938,-619
51023,1209,16589,-15380
51024,883,9608,-8725
51025,784,15715,-14931
51026,366,10369,-10003
51027,471,2383,-1912
51028,881,12222,-11341
51029,162,463,-301
51030,624,2472,-1848
51031,5022,557,4465
51033,205,92,113
51034,731,394,337
51035,712,349,363
51036,287,2400,-2113
51037,111,569,-458
51038,679,162,517
51039,1090,171,919
51040,1459,3217,-1758
51041,2390,36,2354
51044,103,241,-138
51045,32,243,-211
51046,656,270,386
51047,310,331,-21
51048,185,673,-488
51049,271,616,-345
51050,1037,158,879
51051,26,5223,-5197
51052,471,0,471
51053,434,192,242
51054,1924,357,1567
51055,526,776,-250
51056,170,779,-609
51058,446,91,355
51060,290,281,9
51061,146,281,-135
51062,235,337,-102
51063,450,702,-252
51101,338,498,-160
51103,6448,42,6406
51104,8418,351,8067
51105,3886,211,3675
51106,10762,6116,4646
51108,2017,200,1817
51109,1422,223,1199
51111,30,160,-130
51201,2379,199,2180
51230,194,352,-158
51231,209,182,27
51232,343,42,301
51234,442,461,-19
51235,367,1318,-951
51237,723,71,652
51238,519,183,336
51239,1056,193,863
51240,696,12499,-11803
51241,787,222,565
51242,114,341,-227
51243,259,261,-2
51244,62,776,-714
51245,463,78,385
51246,1275,1055,220
51247,1800,606,1194
51248,683,5241,-4558
51249,1408,239,1169
51250,3095,5177,-2082
51301,5418,370,5048
51331,580,1121,-541
51333,171,158,13
51334,2823,852,1971
51338,394,636,-242
51340,44,4469,-4425
51341,17,151,-134
51342,563,1208,-645
51343,75,127,-52
51345,212,87,125
51346,841,400,441
51347,653,339,314
51350,188,314,-126
51351,2038,1401,637
51354,515,683,-168
51355,461,1882,-1421
51357,314,990,-676
51358,562,23,539
51360,3991,344,3647
51363,69,586,-517
51364,315,61,254
51365,159,44,115
51366,137,421,-284
51401,5285,326,4959
51430,407,13893,-13486
51431,211,1637,-1426
51432,13,172,-159
51433,215,377,-162
51436,378,338,40
51439,350,2043,-1693
51440,106,276,-170
51441,145,11788,-11643
51442,3323,130,3193
51443,550,1304,-754
51444,143,252,-109
51445,1143,2999,-1856
51446,232,248,-16
51447,86,408,-322
51448,236,899,-663
51449,804,3387,-2583
51450,676,396,280
51451,38,185,-147
51452,76,368,-292
51453,231,165,66
51454,472,2151,-1679
51455,1025,485,540
51458,496,760,-264
51459,31,791,-760
51460,47,82,-35
51461,537,96,441
51462,429,159,270
51463,226,12188,-11962
51465,288,133,155
51466,438,368,70
51467,237,87,150
51501,14122,539,13583
51503,14845,337,14508
51510,1357,2118,-761
51520,83,956,-873
51521,819,40,779
51523,156,1465,-1309
51525,479,566,-87
51526,678,1601,-923
51527,231,635,-404
51528,300,3960,-3660
51529,784,9502,-8718
51530,251,10806,-10555
51531,282,11090,-10808
51532,261,6203,-5942
51533,418,743,-325
51534,3348,886,2462
51535,726,83,643
51536,174,1254,-1080
51537,2865,7525,-4660
51540,121,741,-620
51541,137,878,-741
51542,374,3081,-2707
51543,181,890,-709
51544,285,7189,-6904
51545,123,1324,-1201
51546,1215,3223,-2008
51548,183,982,-799
51549,217,153,64
51550,55,2051,-1996
51551,635,2867,-2232
51552,127,719,-592
51553,381,1462,-1081
51554,48,1748,-1700
51555,1899,7551,-5652
51556,194,439,-245
51557,379,6800,-6421
51558,234,8743,-8509
51559,720,7692,-6972
51560,760,20,740
51561,321,1899,-1578
51562,188,1928,-1740
51563,276,775,-499
51564,199,888,-689
51565,249,915,-666
51566,2894,3648,-754
51570,419,1437,-1018
51571,210,1864,-1654
51572,221,3134,-2913
51573,391,2976,-2585
51575,590,918,-328
51576,698,8380,-7682
51577,459,529,-70
51578,62,35,27
51579,836,1294,-458
51601,2343,873,1470
51630,58,2623,-2565
51631,145,14764,-14619
51632,2504,606,1898
51636,213,1426,-1213
51637,112,675,-563
51638,616,2201,-1585
51639,334,614,-280
51640,660,858,-198
51645,108,13012,-12904
51646,340,224,116
51647,96,1753,-1657
51648,142,10099,-9957
51649,118,5849,-5731
51650,119,5129,-5010
51651,68,1342,-1274
51652,604,1126,-522
51653,521,788,-267
51654,130,551,-421
51656,16,2089,-2073
52001,18026,18009,17
52002,6900,8170,-1270
52003,5423,4600,823
52030,161,3033,-2872
52031,2041,191,1850
52032,580,6833,-6253
52033,1246,8394,-7148
52035,441,817,-376
52036,64,8414,-8350
52037,368,663,-295
52038,187,7194,-7007
52039,325,11420,-11095
52040,2364,1935,429
52041,737,4572,-3835
52042,614,1310,-696
52043,853,2104,-1251
52044,75,11310,-11235
52045,1050,1355,-305
52046,937,7713,-6776
52047,270,893,-623
52048,131,6154,-6023
52049,501,2632,-2131
52050,199,1905,-1706
52052,1332,3916,-2584
52053,450,7187,-6737
52054,335,2338,-2003
52056,85,743,-658
52057,3315,2510,805
52060,3415,2990,425
52064,319,5923,-5604
52065,318,3211,-2893
52066,46,12450,-12404
52068,1672,707,965
52069,604,1148,-544
52070,491,11808,-11317
52071,63,11908,-11845
52072,220,8501,-8281
52073,574,10296,-9722
52074,121,2770,-2649
52075,66,7082,-7016
52076,931,7216,-6285
52077,140,9626,-9486
52078,261,13246,-12985
52079,351,797,-446
52101,5088,13719,-8631
52132,708,1156,-448
52133,247,5526,-5279
52134,113,217,-104
52135,291,3041,-2750
52136,2299,813,1486
52140,226,8390,-8164
52141,534,2773,-2239
52142,634,1107,-473
52144,454,2432,-1978
52146,396,2949,-2553
52147,410,3240,-2830
52151,848,1154,-306
52154,349,1511,-1162
52155,547,6937,-6390
52156,223,13892,-13669
52157,822,14307,-13485
52158,161,9406,-9245
52159,1047,6755,-5708
52160,399,1295,-896
52161,612,106,506
52162,1187,34,1153
52163,147,14472,-14325
52164,123,659,-536
52165,449,13076,-12627
52166,55,3595,-3540
52168,201,9302,-9101
52169,156,16247,-16091
52170,254,12106,-11852
52171,409,18384,-17975
52172,2605,9806,-7201
52175,1465,14998,-13533
52201,565,12934,-12369
52202,402,11315,-10913
52203,923,15862,-14939
52205,3093,18895,-15802
52206,966,12614,-11648
52207,139,11695,-11556
52208,1266,13977,-12711
52209,393,15881,-15488
52210,276,11656,-11380
52211,1155,15347,-14192
52212,187,11248,-11061
52213,1537,12108,-10571
52214,1213,8126,-6913
52215,368,9534,-9166
52216,612,8166,-7554
52217,231,10614,-10383
52218,663,6352,-5689
52219,64,4789,-4725
52220,83,4581,-4498
52221,100,0,100
52222,299,12741,-12442
52223,437,10720,-10283
52224,807,5454,-4647
52225,187,10319,-10132
52227,1086,10862,-9776
52228,1357,0,1357
52229,316,957,-641
52231,138,809,-671
52232,102,854,-752
52233,2913,173,2740
52235,353,506,-153
52236,200,826,-626
52237,535,2055,-1520
52240,15159,569,14590
52241,9259,18563,-9304
52242,36,947,-911
52245,9329,829,8500
52246,9925,650,9275
52247,1776,510,1266
52248,675,2516,-1841
52249,367,1344,-977
52251,245,440,-195
52252,30,2006,-1976
52253,1102,1462,-360
52254,399,233,166
52255,549,3684,-3135
52257,95,2266,-2171
52301,1582,756,826
52302,17244,1763,15481
52305,279,1532,-1253
52306,587,5185,-4598
52307,50,2882,-2832
52308,94,4840,-4746
52309,265,3303,-3038
52310,2628,295,2333
52312,35,7400,-7365
52313,136,65,71
52314,1804,345,1459
52315,517,676,-159
52316,586,295,291
52317,8035,9663,-1628
52318,409,12217,-11808
52320,470,7143,-6673
52321,201,3927,-3726
52322,785,450,335
52323,380,3406,-3026
52324,702,246,456
52325,269,427,-158
52326,287,3438,-3151
52327,1365,1129,236
52328,1014,206,808
52329,293,4426,-4133
52330,349,2292,-1943
52332,632,1391,-759
52333,2692,662,2030
52334,82,10495,-10413
52335,277,4265,-3988
52336,1075,2002,-927
52337,333,6441,-6108
52338,1419,419,1000
52339,1479,1036,443
52340,1852,142,1710
52341,414,3709,-3295
52342,1195,1280,-85
52344,33,1428,-1395
52345,507,5622,-5115
52346,371,886,-515
52347,521,546,-25
52348,31,2334,-2303
52349,3220,782,2438
52351,519,246,273
52352,746,4549,-3803
52353,3704,436,3268
52354,120,2483,-2363
52355,99,802,-703
52356,1114,938,176
52358,1529,491,1038
52359,113,1609,-1496
52361,2027,8304,-6277
52362,360,13886,-13526
52401,1232,7645,-6413
52402,17967,1978,15989
52403,10338,6390,3948
52404,17102,1036,16066
52405,11351,38,11313
52411,2858,18,2840
52501,12170,13546,-1376
52530,373,20424,-20051
52531,2279,11362,-9083
52533,459,54,405
52534,203,18123,-17920
52535,372,9830,-9458
52536,388,6967,-6579
52537,2500,4557,-2057
52540,460,8161,-7701
52542,177,5632,-5455
52543,123,5474,-5351
52544,3150,12747,-9597
52548,38,2245,-2207
52549,205,0,205
52550,288,407,-119
52551,217,25,192
52552,367,543,-176
52553,649,564,85
52554,500,2047,-1547
52555,84,761,-677
52556,5162,1870,3292
52557,0,427,-427
52560,68,1617,-1549
52561,378,191,187
52562,39,1257,-1218
52563,581,2414,-1833
52565,783,313,470
52566,81,95,-14
52567,246,4922,-4676
52568,40,1041,-1001
52569,300,3413,-3113
52570,349,176,173
52571,533,547,-14
52572,418,125,293
52573,81,5994,-5913
52574,226,1403,-1177
52576,171,530,-359
52577,5738,8481,-2743
52580,303,9207,-8904
52581,127,1010,-883
52583,140,204,-64
52584,193,393,-200
52585,327,760,-433
52586,249,507,-258
52588,6,3197,-3191
52590,453,444,9
52591,1200,58,1142
52593,76,1049,-973
52594,169,476,-307
52595,184,104,80
52601,12501,947,11554
52619,303,1160,-857
52620,322,2018,-1696
52621,289,129,160
52623,768,619,149
52624,248,382,-134
52625,892,104,788
52626,507,1147,-640
52627,5173,392,4781
52630,147,917,-770
52631,22,1776,-1754
52632,5178,43,5135
52635,367,3367,-3000
52637,1121,2695,-1574
52638,204,2303,-2099
52639,697,971,-274
52640,539,1428,-889
52641,4524,141,4383
52644,143,2829,-2686
52645,1427,2255,-828
52646,138,1262,-1124
52647,70,5367,-5297
52649,320,1413,-1093
52650,296,318,-22
52651,198,4634,-4436
52652,35,1449,-1414
52653,1264,4332,-3068
52654,606,952,-346
52655,1754,155,1599
52656,999,3472,-2473
52657,28,2451,-2423
52658,408,390,18
52659,544,929,-385
52660,143,1190,-1047
52701,45,303,-258
52720,351,498,-147
52721,354,941,-587
52722,15923,7,15916
52726,2223,2501,-278
52727,115,1269,-1154
52728,410,941,-531
52729,335,1203,-868
52730,2304,11707,-9403
52731,304,6266,-5962
52732,10863,2960,7903
52737,104,2453,-2349
52738,1238,7786,-6548
52739,284,1339,-1055
52742,2887,1953,934
52745,205,2579,-2374
52746,421,737,-316
52747,802,383,419
52748,3477,869,2608
52749,391,737,-346
52750,159,1102,-943
52751,411,415,-4
52752,178,167,11
52753,2122,589,1533
52754,566,1834,-1268
52755,788,1364,-576
52756,691,2004,-1313
52757,100,987,-887
52758,122,1036,-914
52759,49,1215,-1166
52760,229,2623,-2394
52761,11699,15327,-3628
52765,163,278,-115
52766,347,77,270
52767,94,1293,-1199
52768,533,92,441
52769,220,1695,-1475
52771,33,294,-261
52772,2174,1337,837
52773,1082,17,1065
52774,57,715,-658
52776,1680,1250,430
52777,516,9799,-9283
52778,1704,897,807
52801,854,2754,-1900
52802,3996,489,3507
52803,8993,464,8529
52804,11092,1295,9797
52806,11222,3459,7763
52807,6643,938,5705
53001,855,6900,-6045
53002,918,619,299
53003,53,328,-275
53004,1470,1519,-49
53005,8191,3205,4986
53006,771,2391,-1620
53007,835,2009,-1174
53010,3016,775,2241
53011,887,2526,-1639
53012,7802,564,7238
53013,1351,82,1269
53014,3366,1245,2121
53015,1106,3405,-2299
53016,155,2952,-2797
53017,1856,7360,-5504
53018,3057,915,2142
53019,724,1400,-676
53020,1561,1237,324
53021,1715,1514,201
53022,7823,1236,6587
53023,513,488,25
53024,8070,1316,6754
53027,9640,1007,8633
53029,8013,2225,5788
53031,31,769,-738
53032,2196,692,1504
53033,2422,802,1620
53034,630,65,565
53035,909,2354,-1445
53036,1135,621,514
53037,3777,406,3371
53038,1605,131,1474
53039,1692,557,1135
53040,3265,652,2613
53042,2728,112,2616
53044,856,2554,-1698
53045,9623,2857,6766
53046,619,17372,-16753
53047,62,607,-545
53048,1459,1078,381
53049,967,1595,-628
53050,2911,1798,1113
53051,15751,305,15446
53057,721,774,-53
53058,1316,8512,-7196
53059,708,6340,-5632
53061,2208,927,1281
53063,653,365,288
53065,874,892,-18
53066,14660,9427,5233
53069,351,12513,-12162
53070,1906,12199,-10293
53072,11827,12400,-573
53073,6254,0,6254
53074,5444,12508,-7064
53075,1377,13226,-11849
53076,1226,12490,-11264
53078,722,9919,-9197
53079,577,1051,-474
53080,2308,1389,919
53081,18719,586,18133
53083,8680,453,8227
53085,5078,5729,-651
53086,3816,812,3004
53088,150,1956,-1806
53089,7416,776,6640
53090,8915,58,8857
53091,875,1327,-452
53092,8278,715,7563
53093,731,33,698
53094,7214,406,6808
53095,12046,435,11611
53097,2232,1161,1071
53098,4411,401,4010
53099,5,876,-871
53103,1584,760,824
53104,2192,766,1426
53105,12090,1554,10536
53108,1297,483,814
53110,8663,590,8073
53114,938,46,892
53115,6578,726,5852
53118,3031,871,2160
53119,2186,816,1370
53120,4248,1144,3104
53121,7554,1223,6331
53122,2272,346,1926
53125,1267,460,807
53126,2814,835,1979
53127,41,1135,-1094
53128,3346,217,3129
53129,6126,1691,4435
53130,3043,11311,-8268
53132,13649,149,13500
53137,617,5094,-4477
53139,936,8466,-7530
53140,12685,516,12169
53142,12659,6446,6213
53143,8590,2742,5848
53144,10021,3705,6316
53146,3197,45,3152
53147,7815,571,7244
53149,7176,1033,6143
53150,9916,170,9746
53151,14092,365,13727
53153,974,337,637
53154,15262,1171,14091
53156,1395,5403,-4008
53157,0,749,-749
53158,6544,956,5588
53167,233,622,-389
53168,3566,1056,2510
53170,865,1676,-811
53172,8612,594,8018
53176,64,7728,-7664
53177,2677,1521,1156
53178,1079,576,503
53179,2610,11757,-9147
53181,3305,3689,-384
53182,3214,1929,1285
53183,1073,131,942
53184,1533,964,569
53185,7444,4336,3108
53186,14733,418,14315
53188,14053,627,13426
53189,10199,378,9821
53190,6152,728,5424
53191,1441,299,1142
53192,49,11552,-11503
53195,38,3540,-3502
53202,16138,820,15318
53203,1208,1220,-12
53204,13058,8704,4354
53205,3351,547,2804
53206,7966,501,7465
53207,16267,180,16087
53208,11778,880,10898
53209,19419,220,19199
53210,9366,88,9278
53211,15003,598,14405
53212,13133,1734,11399
53213,12124,3544,8580
53214,16166,336,15830
53215,19435,120,19315
53216,12541,362,12179
53217,11661,482,11179
53218,14765,512,14253
53219,14668,342,14326
53220,12100,681,11419
53221,16483,1158,15325
53222,10663,130,10533
53223,12400,229,12171
53224,7468,1401,6067
53225,10148,618,9530
53226,7895,599,7296
53227,10856,525,10331
53228,6852,205,6647
53233,4416,407,4009
53235,4759,571,4188
53295,0,709,-709
53402,14218,2293,11925
53403,10409,296,10113
53404,5231,2294,2937
53405,10942,615,10327
53406,11308,2366,8942
53501,104,618,-514
53502,941,468,473
53503,877,1133,-256
53504,919,296,623
53505,171,277,-106
53506,440,8,432
53507,836,903,-67
53508,2306,288,2018
53510,582,241,341
53511,18283,55,18228
53515,1061,602,459
53516,965,2461,-1496
53517,752,19995,-19243
53518,647,6443,-5796
53520,2894,740,2154
53521,1360,451,909
53522,378,2019,-1641
53523,2080,912,1168
53525,1620,1170,450
53526,234,4379,-4145
53527,4245,1042,3203
53528,2431,918,1513
53529,902,1225,-323
53530,1823,444,1379
53531,1657,931,726
53532,5968,801,5167
53533,3023,617,2406
53534,4877,118,4759
53536,3795,504,3291
53537,396,806,-410
53538,7662,484,7178
53540,62,1055,-993
53541,364,1546,-1182
53543,715,779,-64
53544,298,463,-165
53545,10434,1598,8836
53546,12197,726,11471
53548,8356,4971,3385
53549,4469,80,4389
53550,435,589,-154
53551,3496,977,2519
53553,269,0,269
53554,364,801,-437
53555,3833,3,3830
53556,1054,457,597
53557,169,31,138
53558,5135,1550,3585
53559,2399,588,1811
53560,1558,9395,-7837
53561,795,530,265
53562,12609,384,12225
53563,4503,356,4147
53565,1952,67,1885
53566,6578,693,5885
53569,406,6806,-6400
53570,1184,149,1035
53571,14,948,-934
53572,3751,514,3237
53573,1276,6423,-5147
53574,1484,1393,91
53575,6882,552,6330
53576,948,3586,-2638
53577,515,1058,-543
53578,2700,1733,967
53579,632,2858,-2226
53580,177,589,-412
53581,4195,15931,-11736
53582,420,17026,-16606
53583,2522,3083,-561
53584,10,583,-573
53585,830,1492,-662
53586,823,524,299
53587,478,2714,-2236
53588,1694,1222,472
53589,8502,680,7822
53590,17249,1896,15353
53593,10826,2627,8199
53594,2353,12668,-10315
53597,7968,1888,6080
53598,1493,337,1156
53599,55,1167,-1112
53703,18702,515,18187
53704,21392,308,21084
53705,11791,1595,10196
53706,0,218,-218
53711,20921,1134,19787
53713,10851,1730,9121
53714,7756,828,6928
53715,5077,571,4506
53716,8286,1600,6686
53717,6193,892,5301
53718,7636,272,7364
53719,15036,1102,13934
53726,2408,465,1943
53792,0,496,-496
53801,428,423,5
53802,30,9319,-9289
53803,522,745,-223
53804,503,2954,-2451
53805,2139,434,1705
53806,747,1303,-556
53807,1732,1832,-100
53808,377,659,-282
53809,1670,87,1583
53810,150,460,-310
53811,1266,467,799
53812,130,447,-317
53813,2274,13,2261
53816,275,625,-350
53817,127,1250,-1123
53818,5614,2084,3530
53820,923,198,725
53821,3105,826,2279
53825,192,1585,-1393
53826,578,419,159
53827,127,1264,-1137
53901,5942,3002,2940
53910,1474,558,916
53911,528,4884,-4356
53913,9376,1040,8336
53916,10095,2244,7851
53919,823,250,573
53920,216,1152,-936
53922,421,1047,-626
53923,817,1176,-359
53924,580,305,275
53925,3531,702,2829
53926,621,1841,-1220
53928,43,865,-822
53929,1047,336,711
53930,526,98,428
53931,125,401,-276
53932,911,2125,-1214
53933,1295,1531,-236
53934,2067,217,1850
53935,110,482,-372
53936,575,448,127
53937,370,1625,-1255
53939,126,609,-483
53940,0,137,-137
53941,1123,2006,-883
53942,43,98,-55
53943,395,24,371
53944,935,5090,-4155
53946,1737,119,1618
53947,122,69,53
53948,3259,245,3014
53949,2799,1088,1711
53950,1943,2714,-771
53951,930,896,34
53952,1260,128,1132
53953,90,1776,-1686
53954,2677,398,2279
53955,2342,297,2045
53956,1228,617,611
53959,5408,13,5395
53960,1383,728,655
53961,397,854,-457
53962,21,68,-47
53963,5141,142,4999
53964,1368,580,788
53965,4727,242,4485
53968,864,146,718
53969,110,6759,-6649
54001,3187,763,2424
54002,2495,1418,1077
54003,420,1220,-800
54004,931,1242,-311
54005,1154,1396,-242
54006,333,514,-181
54007,403,736,-333
54009,931,13497,-12566
54011,2693,677,2016
54013,1497,1266,231
54014,852,1531,-679
54015,1489,1762,-273
54016,12833,508,12325
54017,7209,799,6410
54020,3111,13188,-10077
54021,2847,9826,-6979
54022,8370,8489,-119
54023,1696,906,790
54024,2065,10548,-8483
54025,2739,7053,-4314
54026,906,13113,-12207
54027,421,15450,-15029
54028,1013,513,500
54082,565,579,-14
54101,1116,3702,-2586
54102,421,241,180
54103,215,154,61
54104,570,3613,-3043
54106,2160,696,1464
54107,1356,93,1263
54110,2157,423,1734
54111,1007,84,923
54112,1145,33,1112
54113,1401,18019,-16618
54114,2675,7395,-4720
54115,18998,1549,17449
54119,248,1180,-932
54120,121,3092,-2971
54121,1490,862,628
54123,78,2987,-2909
54124,1423,1490,-67
54125,231,0,231
54126,1541,1039,502
54127,31,108,-77
54128,765,1361,-596
54129,1457,1267,190
54130,10828,10871,-43
54135,840,17405,-16565
54136,2885,1251,1634
54137,466,5622,-5156
54138,412,499,-87
54139,1245,2956,-1711
54140,3732,395,3337
54141,1058,557,501
54143,6640,751,5889
54149,590,216,374
54150,316,1256,-940
54151,1419,1298,121
54152,96,4173,-4077
54153,3090,579,2511
54154,2375,591,1784
54155,2796,553,2243
54156,686,69,617
54157,2481,6519,-4038
54159,568,2994,-2426
54160,107,1757,-1650
54161,1184,1436,-252
54162,3410,0,3410
54165,3007,1872,1135
54166,7006,1137,5869
54169,1176,1230,-54
54170,1505,1626,-121
54171,1399,1465,-66
54173,1408,1049,359
54174,1408,5428,-4020
54175,600,3157,-2557
54177,1285,3299,-2014
54180,1191,694,497
54201,2152,2742,-590
54202,844,9224,-8380
54204,773,11492,-10719
54205,780,305,475
54207,83,325,-242
54208,2270,724,1546
54209,718,1132,-414
54210,361,10773,-10412
54211,154,10858,-10704
54212,368,8972,-8604
54213,578,173,405
54214,286,980,-694
54215,111,4,107
54216,2584,527,2057
54217,2824,763,2061
54220,17278,1227,16051
54227,683,11207,-10524
54228,1194,17,1177
54229,2099,2112,-13
54230,1647,7192,-5545
54232,497,4511,-4014
54234,1062,3239,-2177
54235,8073,3081,4992
54241,6503,1414,5089
54245,867,15910,-15043
54246,451,3023,-2572
54247,981,1912,-931
54301,9660,1075,8585
54302,12854,918,11936
54303,12195,3911,8284
54304,12486,767,11719
54307,0,339,-339
54311,14438,760,13678
54313,15137,1430,13707
54401,13204,4924,8280
54403,10433,7905,2528
54405,994,11380,-10386
54406,1632,3726,-2094
54407,532,385,147
54408,480,7782,-7302
54409,5594,9470,-3876
54410,826,1592,-766
54411,1902,2640,-738
54412,817,2209,-1392
54413,91,1446,-1355
54414,1277,1188,89
54416,651,786,-135
54417,8,8423,-8415
54418,346,8816,-8470
54420,454,4684,-4230
54421,1237,2859,-1622
54422,441,995,-554
54423,789,13382,-12593
54424,646,688,-42
54425,723,176,547
54426,1672,159,1513
54427,461,586,-125
54428,455,699,-244
54430,54,160,-106
54433,656,4033,-3377
54435,838,3620,-2782
54436,775,9196,-8421
54437,1145,4818,-3673
54440,1088,17261,-16173
54441,355,10759,-10404
54442,527,18044,-17517
54443,849,5490,-4641
54446,1118,6184,-5066
54447,201,12518,-12317
54448,1684,15590,-13906
54449,11462,0,11462
54450,156,16917,-16761
54451,4346,17312,-12966
54452,8030,1477,6553
54454,525,3088,-2563
54455,7633,11254,-3621
54456,2455,16146,-13691
54457,3752,12269,-8517
54458,52,14717,-14665
54459,561,1714,-1153
54460,912,3561,-2649
54462,163,12545,-12382
54463,373,9130,-8757
54464,25,19060,-19035
54465,322,16053,-15731
54466,1120,10699,-9579
54467,6072,7120,-1048
54469,730,10929,-10199
54470,814,6645,-5831
54471,621,5481,-4860
54473,1012,69,943
54474,1928,0,1928
54475,580,3508,-2928
54476,7948,2883,5065
54479,1375,17161,-15786
54480,526,15060,-14534
54481,11491,9017,2474
54482,4049,6581,-2532
54484,2437,1351,1086
54485,154,2851,-2697
54486,915,5911,-4996
54487,4191,679,3512
54488,459,11801,-11342
54489,638,642,-4
54490,374,8561,-8187
54491,724,559,165
54493,277,1465,-1188
54494,11688,8706,2982
54495,3396,7035,-3639
54498,831,9720,-8889
54499,1161,1812,-651
54501,8551,1743,6808
54511,577,1859,-1282
54512,583,1128,-545
54513,248,543,-295
54514,945,1756,-811
54515,264,1248,-984
54517,89,3102,-3013
54519,559,775,-216
54520,1497,12708,-11211
54521,3787,6801,-3014
54524,333,688,-355
54525,114,351,-237
54526,310,1196,-886
54527,410,651,-241
54529,440,3162,-2722
54530,344,17949,-17605
54531,546,396,150
54534,1163,387,776
54536,88,2136,-2048
54537,229,945,-716
54538,1376,852,524
54539,544,11403,-10859
54540,414,6763,-6349
54541,502,8654,-8152
54542,229,5996,-5767
54545,483,10513,-10030
54546,501,1511,-1010
54547,639,7629,-6990
54548,2472,2876,-404
54550,260,1259,-999
54552,2137,1017,1120
54554,500,4008,-3508
54555,2164,2206,-42
54556,542,1190,-648
54557,465,1972,-1507
54558,1108,2167,-1059
54559,378,908,-530
54560,319,6731,-6412
54561,32,1550,-1518
54562,812,6111,-5299
54563,316,214,102
54564,181,408,-227
54565,25,845,-820
54566,640,13046,-12406
54568,2062,345,1717
54601,20886,6298,14588
54603,6672,10668,-3996
54610,687,2032,-1345
54611,461,4189,-3728
54612,2105,1372,733
54613,855,5363,-4508
54614,1014,8885,-7871
54615,4234,14161,-9927
54616,971,885,86
54618,828,1285,-457
54619,1288,942,346
54621,471,521,-50
54622,857,2041,-1184
54623,831,4506,-3675
54624,691,2181,-1490
54625,220,1018,-798
54626,601,894,-293
54627,855,5981,-5126
54628,424,1145,-721
54629,1081,959,122
54630,1630,1008,622
54631,683,5253,-4570
54632,450,4691,-4241
54634,1515,290,1225
54635,650,9836,-9186
54636,6061,12116,-6055
54637,87,7281,-7194
54638,593,14988,-14395
54639,1023,14117,-13094
54642,789,15163,-14374
54643,0,4920,-4920
54644,496,8705,-8209
54645,47,8840,-8793
54646,1631,7892,-6261
54648,528,6271,-5743
54650,10663,9654,1009
54651,450,1018,-568
54652,378,14767,-14389
54653,445,11099,-10654
54654,59,13394,-13335
54655,641,10853,-10212
54656,6863,8996,-2133
54657,128,11320,-11192
54658,1040,12003,-10963
54659,498,14864,-14366
54660,6767,3447,3320
54661,1531,3944,-2413
54664,606,11307,-10701
54665,3488,9563,-6075
54666,1081,11751,-10670
54667,1845,10057,-8212
54669,3083,7998,-4915
54670,502,7774,-7272
54701,16576,12600,3976
54703,17729,13321,4408
54720,3549,10639,-7090
54721,520,6354,-5834
54722,1489,5434,-3945
54723,438,7958,-7520
54724,2807,7236,-4429
54725,1328,3457,-2129
54726,694,7498,-6804
54727,1903,5383,-3480
54728,2483,10936,-8453
54729,14209,4944,9265
54730,1992,3315,-1323
54731,313,7660,-7347
54732,1168,8483,-7315
54733,483,10105,-9622
54734,287,8567,-8280
54736,1790,26,1764
54737,216,3032,-2816
54738,1259,0,1259
54739,1920,45,1875
54740,800,105,695
54741,650,221,429
54742,1813,1677,136
54745,907,269,638
54746,291,121,170
54747,1036,64,972
54748,560,118,442
54749,577,324,253
54750,409,117,292
54751,9764,1262,8502
54754,656,122,534
54755,2912,3186,-274
54756,413,187,226
54757,1430,349,1081
54758,1947,597,1350
54759,605,1565,-960
54760,85,831,-746
54761,463,1353,-890
54762,525,569,-44
54763,478,1740,-1262
54766,725,489,236
54767,1387,169,1218
54768,1776,249,1527
54769,271,401,-130
54770,790,141,649
54771,1514,119,1395
54772,416,1218,-802
54773,1329,2646,-1317
54801,2809,6952,-4143
54805,656,1365,-709
54806,4713,483,4230
54810,1054,1146,-92
54812,2177,356,1821
54813,234,66,168
54814,1298,396,902
54817,934,2787,-1853
54819,1039,632,407
54820,383,1673,-1290
54821,680,2801,-2121
54822,1896,812,1084
54824,999,658,341
54826,291,210,81
54827,177,1435,-1258
54828,340,125,215
54829,2255,8613,-6358
54830,1571,7903,-6332
54832,165,681,-516
54835,454,258,196
54836,382,831,-449
54837,1550,656,894
54838,500,201,299
54839,129,454,-325
54840,1815,187,1628
54841,133,377,-244
54842,58,69,-11
54843,5495,1481,4014
54844,117,268,-151
54845,40,259,-219
54846,254,360,-106
54847,1162,21,1141
54848,2543,1582,961
54849,811,1410,-599
54850,151,1027,-876
54853,1596,807,789
54854,355,37,318
54855,291,600,-309
54856,670,1425,-755
54857,7,63,-56
54858,723,262,461
54859,1010,187,823
54861,70,1052,-982
54862,149,33,116
54864,554,96,458
54865,275,128,147
54867,211,244,-33
54868,6603,938,5665
54870,756,4809,-4053
54871,1193,236,957
54872,1201,674,527
54873,1417,587,830
54874,1547,201,1346
54875,548,1297,-749
54876,760,6974,-6214
54880,13163,5751,7412
54888,563,5210,-4647
54889,1234,4355,-3121
54891,1477,4317,-2840
54893,1736,2477,-741
54895,378,3506,-3128
54896,732,10235,-9503
54901,13583,3383,10200
54902,9800,13,9787
54904,9683,20439,-10756
54909,804,9207,-8403
54911,10268,9705,563
54913,9229,0,9229
54914,13661,7495,6166
54915,17087,566,16521
54921,552,551,1
54922,486,11775,-11289
54923,3641,1406,2235
54926,71,438,-367
54927,159,427,-268
54928,168,2542,-2374
54929,3938,2030,1908
54930,685,326,359
54931,154,1731,-1577
54932,441,489,-48
54933,134,437,-303
54935,17641,290,17351
54937,8396,1491,6905
54940,1860,424,1436
54941,1165,142,1023
54942,3947,817,3130
54943,839,98,741
54944,3369,1348,2021
54945,1536,354,1182
54946,0,736,-736
54947,989,851,138
54948,88,955,-867
54949,1530,370,1160
54950,1047,1227,-180
54952,11961,2634,9327
54956,19100,599,18501
54960,1148,1330,-182
54961,5677,3076,2601
54962,426,732,-306
54963,2996,41,2955
54964,354,660,-306
54965,579,916,-337
54966,779,356,423
54967,202,612,-410
54968,1235,940,295
54970,1318,741,577
54971,4436,283,4153
54974,616,768,-152
54977,614,1136,-522
54978,28,200,-172
54979,642,317,325
54980,151,2075,-1924
54981,6885,1648,5237
54982,2963,1015,1948
54983,1767,329,1438
54984,1365,68,1297
54985,0,479,-479
54986,2252,412,1840
55001,1179,1191,-12
55003,1014,1621,-607
55005,1580,111,1469
55006,1376,912,464
55007,954,1736,-782
55008,6147,2931,3216
55009,3277,68,3209
55011,3817,331,3486
55012,683,1806,-1123
55013,2644,208,2436
55014,10394,593,9801
55016,12719,745,11974
55017,300,13758,-13458
55018,381,405,-24
55019,751,527,224
55020,1373,1936,-563
55021,11406,17460,-6054
55024,12212,5828,6384
55025,9845,9312,533
55026,160,659,-499
55027,981,531,450
55029,26,3287,-3261
55030,486,1942,-1456
55031,651,326,325
55032,1283,396,887
55033,11427,585,10842
55036,23,413,-390
55037,1890,47,1843
55038,8520,437,8083
55040,5107,26,5081
55041,3301,229,3072
55042,4138,1030,3108
55043,1532,210,1322
55044,20177,706,19471
55045,2844,395,2449
55046,2042,486,1556
55047,956,315,641
55049,918,5444,-4526
55051,3795,106,3689
55052,745,159,586
55053,343,222,121
55054,795,176,619
55055,1706,826,880
55056,5229,610,4619
55057,7818,371,7447
55060,12016,427,11589
55063,3799,272,3527
55065,470,192,278
55066,8107,808,7299
55068,11078,321,10757
55069,1918,46,1872
55070,2787,46,2741
55071,2298,1375,923
55072,1341,651,690
55073,1309,315,994
55074,851,403,448
55075,8326,392,7934
55076,9258,1505,7753
55077,5283,33,5250
55079,3239,1515,1724
55080,1104,2455,-1351
55082,13914,182,13732
55084,686,1304,-618
55085,170,1102,-932
55087,166,1076,-910
55088,604,443,161
55089,611,1690,-1079
55090,162,4365,-4203
55092,4178,812,3366
55101,4662,7101,-2439
55102,10142,817,9325
55103,5246,81,5165
55104,18023,180,17843
55105,11104,202,10902
55106,18707,2367,16340
55107,5395,4413,982
55108,6585,341,6244
55109,12628,2193,10435
55110,15822,1294,14528
55111,95,795,-700
55112,17360,85,17275
55113,18225,308,17917
55114,1751,125,1626
55115,3237,5133,-1896
55116,12167,1268,10899
55117,16654,1652,15002
55118,12466,962,11504
55119,15958,2626,13332
55120,2058,762,1296
55121,3761,187,3574
55122,13628,106,13522
55123,10191,177,10014
55124,21128,533,20595
55125,17239,232,17007
55126,11640,129,11511
55127,7488,159,7329
55128,11641,459,11182
55129,9981,412,9569
55130,5897,275,5622
55150,58,238,-180
55155,0,232,-232
55301,4436,39,4397
55302,2854,187,2667
55303,19090,778,18312
55304,16651,302,16349
55305,9979,1020,8959
55306,6166,212,5954
55307,1262,188,1074
55308,3198,442,2756
55309,6920,483,6437
55310,607,336,271
55311,13888,216,13672
55312,530,26,504
55313,9246,145,9101
55314,421,459,-38
55315,2219,1990,229
55316,8725,481,8244
55317,8057,242,7815
55318,10940,17,10923
55319,1903,48,1855
55320,1927,579,1348
55321,1856,1209,647
55322,1403,357,1046
55324,461,674,-213
55325,1702,67,1635
55327,1825,177,1648
55328,3457,2631,826
55329,731,283,448
55330,15212,157,15055
55331,7382,1067,6315
55332,765,81,684
55333,252,151,101
55334,1089,169,920
55335,666,2414,-1748
55336,3088,135,2953
55337,18906,95,18811
55338,428,309,119
55339,362,393,-31
55340,3055,289,2766
55341,1154,226,928
55342,723,669,54
55343,12711,1411,11300
55344,6850,153,6697
55345,8680,166,8514
55346,6572,1205,5367
55347,11604,441,11163
55349,1482,15,1467
55350,7833,705,7128
55352,3435,504,2931
55353,1193,504,689
55354,990,512,478
55355,3940,228,3712
55356,2171,150,2021
55357,1124,4958,-3834
55358,1939,9446,-7507
55359,2400,96,2304
55360,1102,977,125
55362,7250,967,6283
55363,1876,7,1869
55364,6242,221,6021
55366,208,232,-24
55367,374,280,94
55368,737,2077,-1340
55369,15340,237,15103
55370,217,242,-25
55371,6376,414,5962
55372,12052,1258,10794
55373,2093,348,1745
55374,5329,744,4585
55375,1353,551,802
55376,6078,120,5958
55378,11228,302,10926
55379,16637,139,16498
55381,786,101,685
55382,1395,452,943
55384,1232,701,531
55385,470,298,172
55386,3143,162,2981
55387,5166,977,4189
55388,2132,200,1932
55389,933,154,779
55390,1076,239,837
55391,6557,209,6348
55395,1125,418,707
55396,949,1698,-749
55397,1102,644,458
55398,5868,569,5299
55401,7317,188,7129
55402,415,401,14
55403,11021,135,10886
55404,12410,460,11950
55405,8047,503,7544
55406,16397,409,15988
55407,14981,145,14836
55408,15990,1126,14864
55409,4821,238,4583
55410,8389,6241,2148
55411,9979,326,9653
55412,8907,314,8593
55413,6951,215,6736
55414,12403,883,11520
55415,2593,3282,-689
55416,17390,712,16678
55417,10820,2546,8274
55418,13878,344,13534
55419,11270,468,10802
55420,8917,1995,6922
55421,12249,70,12179
55422,12332,153,12179
55423,15679,1262,14417
55424,3735,1238,2497
55425,4191,485,3706
55426,12014,228,11786
55427,10686,226,10460
55428,12983,577,12406
55429,10251,2852,7399
55430,7796,918,6878
55431,8297,480,7817
55432,12667,32,12635
55433,13643,2048,11595
55434,11832,248,11584
55435,7536,189,7347
55436,6034,246,5788
55437,8536,466,8070
55438,7293,37,7256
55439,3476,141,3335
55441,7832,902,6930
55442,5534,337,5197
55443,11900,11420,480
55444,5448,11312,-5864
55445,4496,6268,-1772
55446,10088,1847,8241
55447,8857,10812,-1955
55448,10750,492,10258
55449,10836,1985,8851
55450,6,285,-279
55454,3520,867,2653
55455,0,39,-39
55601,77,491,-414
55602,175,708,-533
55603,193,570,-377
55604,1631,519,1112
55605,271,566,-295
55606,106,2967,-2861
55607,83,0,83
55609,85,238,-153
55612,233,474,-241
55613,118,75,43
55614,1112,682,430
55615,140,292,-152
55616,3310,45,3265
55702,190,2619,-2429
55703,348,660,-312
55704,445,644,-199
55705,1541,499,1042
55706,837,2439,-1602
55707,1202,96,1106
55708,328,689,-361
55709,1641,725,916
55710,573,457,116
55711,203,962,-759
55712,271,1304,-1033
55713,474,434,40
55716,149,6302,-6153
55717,125,2812,-2687
55718,1168,328,840
55719,2368,274,2094
55720,7025,2178,4847
55721,1358,3319,-1961
55722,368,600,-232
55723,943,228,715
55724,379,133,246
55725,54,366,-312
55726,363,1193,-830
55731,2703,1518,1185
55732,668,1667,-999
55733,2042,1007,1035
55734,2756,2356,400
55735,694,35,659
55736,651,2021,-1370
55738,232,2432,-2200
55741,1430,1715,-285
55742,91,188,-97
55744,8114,58,8056
55746,7851,1112,6739
55748,534,2902,-2368
55749,240,297,-57
55750,897,121,776
55751,636,6421,-5785
55752,178,3153,-2975
55753,504,6317,-5813
55756,115,1032,-917
55757,287,577,-290
55758,75,180,-105
55760,1234,410,824
55763,282,420,-138
55764,221,3154,-2933
55765,368,43,325
55767,1158,12504,-11346
55768,1219,2994,-1775
55769,1085,4324,-3239
55771,673,658,15
55772,62,63,-1
55775,594,1164,-570
55779,1460,17,1443
55780,85,566,-481
55781,294,1169,-875
55782,240,510,-270
55783,946,1546,-600
55784,63,1080,-1017
55785,121,714,-593
55786,123,1394,-1271
55787,252,625,-373
55790,863,543,320
55792,4791,175,4616
55793,271,805,-534
55795,656,455,201
55796,65,991,-926
55797,563,334,229
55798,223,746,-523
55802,1297,20,1277
55803,7446,148,7298
55804,6056,1282,4774
55805,4837,1702,3135
55806,4369,889,3480
55807,4213,1273,2940
55808,2520,974,1546
55810,3343,2308,1035
55811,10925,442,10483
55812,3488,4596,-1108
55814,0,3097,-3097
55901,22829,1539,21290
55902,11354,1649,9705
55903,0,638,-638
55904,11465,1117,10348
55905,0,2165,-2165
55906,7974,852,7122
55909,521,2866,-2345
55910,512,1418,-906
55912,11517,7153,4364
55917,1376,942,434
55918,392,737,-345
55919,454,1362,-908
55920,3095,1404,1691
55921,1987,111,1876
55922,329,118,211
55923,1742,127,1615
55924,468,132,336
55925,418,1649,-1231
55926,282,313,-31
55927,1579,251,1328
55929,437,217,220
55931,168,334,-166
55932,791,52,739
55933,91,318,-227
55934,1437,692,745
55935,391,1667,-1276
55936,707,917,-210
55939,774,136,638
55940,1099,483,616
55941,485,577,-92
55943,1194,210,984
55944,2867,7783,-4916
55945,607,791,-184
55946,1355,14,1341
55947,3185,1264,1921
55949,771,115,656
55950,53,2041,-1988
55951,576,247,329
55952,900,152,748
55953,343,1006,-663
55954,524,317,207
55955,942,1708,-766
55956,866,154,712
55957,298,955,-657
55959,867,190,677
55960,1188,123,1065
55961,183,993,-810
55962,324,400,-76
55963,2209,1132,1077
55964,1743,15221,-13478
55965,978,54,924
55967,352,150,202
55968,73,1470,-1397
55969,407,85,322
55970,397,517,-120
55971,1114,513,601
55972,2013,768,1245
55973,97,2259,-2162
55974,968,2609,-1641
55975,1779,115,1664
55976,3175,281,2894
55977,67,365,-298
55979,368,8,360
55981,1655,340,1315
55982,251,443,-192
55983,699,473,226
55985,657,150,507
55987,14273,74,14199
55990,397,653,-256
55991,603,418,185
55992,2334,784,1550
56001,19459,716,18743
56003,6307,252,6055
56007,9011,858,8153
56009,577,162,415
56010,513,57,456
56011,3425,221,3204
56013,2002,19,1983
56014,282,147,135
56016,378,12857,-12479
56017,720,1908,-1188
56019,344,1156,-812
56020,39,180,-141
56021,449,170,279
56022,40,710,-670
56023,222,122,100
56024,1239,776,463
56025,193,1751,-1558
56026,762,712,50
56027,294,1975,-1681
56028,464,70,394
56029,270,210,60
56030,7,141,-134
56031,5213,354,4859
56032,145,147,-2
56033,160,304,-144
56034,159,4576,-4417
56035,187,302,-115
56036,756,245,511
56037,659,226,433
56039,359,619,-260
56041,423,42,381
56042,334,700,-366
56043,175,85,90
56044,774,0,774
56045,367,28,339
56046,47,145,-98
56048,1676,385,1291
56050,525,257,268
56051,297,90,207
56052,252,256,-4
56054,361,260,101
56055,1600,82,1518
56056,33,174,-141
56057,1510,438,1072
56058,2523,820,1703
56060,168,1013,-845
56062,1190,359,831
56063,1143,648,495
56065,994,469,525
56068,403,49,354
56069,1897,117,1780
56071,4418,289,4129
56072,871,130,741
56073,7121,84,7037
56074,692,451,241
56075,73,22,51
56078,192,70,122
56080,280,5242,-4962
56081,2443,205,2238
56082,4683,36,4647
56083,352,419,-67
56085,2108,537,1571
56087,1306,126,1180
56088,868,3422,-2554
56089,98,28,70
56090,274,4019,-3745
56091,131,161,-30
56093,5001,380,4621
56096,1179,55,1124
56097,1551,435,1116
56098,831,646,185
56101,2499,341,2158
56110,619,578,41
56111,193,60,133
56113,96,31,65
56114,150,452,-302
56115,516,185,331
56116,223,204,19
56117,125,341,-216
56118,193,424,-231
56119,330,383,-53
56120,358,604,-246
56121,309,7,302
56122,218,395,-177
56123,177,257,-80
56125,31,290,-259
56127,212,1038,-826
56128,771,2249,-1478
56129,290,233,57
56131,897,66,831
56132,231,327,-96
56134,172,379,-207
56136,614,185,429
56137,430,164,266
56138,405,164,241
56139,158,187,-29
56140,37,1100,-1063
56141,136,2095,-1959
56142,428,628,-200
56143,2054,410,1644
56144,466,665,-199
56145,207,1378,-1171
56146,23,3690,-3667
56147,77,8731,-8654
56149,516,202,314
56150,1146,392,754
56151,300,1693,-1393
56152,558,626,-68
56153,77,333,-256
56155,223,337,-114
56156,2554,664,1890
56157,288,540,-252
56158,137,528,-391
56159,980,136,844
56160,102,1906,-1804
56161,144,190,-46
56162,101,1046,-945
56164,2453,506,1947
56165,125,50,75
56166,75,1294,-1219
56167,296,819,-523
56168,303,1259,-956
56169,281,319,-38
56170,250,2117,-1867
56171,738,1661,-923
56172,1295,326,969
56173,122,496,-374
56174,152,278,-126
56175,1106,429,677
56176,418,672,-254
56178,685,1235,-550
56180,443,143,300
56181,516,14,502
56183,597,3376,-2779
56185,214,589,-375
56186,158,464,-306
56187,5032,220,4812
56201,9184,119,9065
56207,92,407,-315
56208,968,2424,-1456
56209,913,84,829
56210,5,134,-129
56211,196,95,101
56212,203,722,-519
56214,275,269,6
56215,2035,361,1674
56216,333,53,280
56218,214,879,-665
56219,413,600,-187
56220,1151,33,1118
56221,321,619,-298
56222,842,364,478
56223,542,1663,-1121
56224,129,156,-27
56225,299,643,-344
56226,92,167,-75
56227,112,510,-398
56228,383,4304,-3921
56229,753,640,113
56230,309,1161,-852
56231,144,298,-154
56232,896,359,537
56235,216,387,-171
56236,156,148,8
56237,247,429,-182
56239,244,7116,-6872
56240,341,13471,-13130
56241,1597,11030,-9433
56243,688,9094,-8406
56244,582,16349,-15767
56245,222,3091,-2869
56248,350,6757,-6407
56249,129,4526,-4397
56251,363,0,363
56252,492,0,492
56253,414,10548,-10134
56255,174,764,-590
56256,1085,179,906
56257,216,37,179
56258,5979,435,5544
56260,407,112,295
56262,308,151,157
56263,192,263,-71
56264,857,323,534
56265,3172,278,2894
56266,573,444,129
56267,2679,85,2594
56270,434,737,-303
56271,507,856,-349
56273,1989,145,1844
56274,78,749,-671
56276,96,124,-28
56277,1257,77,1180
56278,1293,449,844
56279,462,402,60
56280,218,32,186
56281,228,262,-34
56282,585,150,435
56283,2579,120,2459
56284,751,301,450
56285,453,106,347
56287,32,269,-237
56288,1994,55,1939
56289,305,56,249
56291,185,97,88
56292,216,526,-310
56293,478,445,33
56294,53,45,8
56295,132,2161,-2029
56296,843,185,658
56297,322,53,269
56301,12614,289,12325
56303,10725,93,10632
56304,6961,189,6772
56307,1912,390,1522
56308,11546,137,11409
56309,563,1744,-1181
56310,1991,222,1769
56311,307,95,212
56312,940,101,839
56313,32,213,-181
56314,467,206,261
56315,713,169,544
56316,583,285,298
56318,432,117,315
56319,578,70,508
56320,3102,425,2677
56321,0,1269,-1269
56323,230,451,-221
56324,468,247,221
56325,81,434,-353
56326,728,7816,-7088
56327,345,447,-102
56328,77,180,-103
56329,2703,478,2225
56330,656,297,359
56331,771,391,380
56332,686,252,434
56334,2510,434,2076
56335,90,168,-78
56336,647,92,555
56338,676,136,540
56339,400,147,253
56340,926,1345,-419
56342,1218,437,781
56343,414,136,278
56345,6274,268,6006
56347,2918,258,2660
56349,318,279,39
56350,200,331,-131
56352,2458,134,2324
56353,3619,44,3575
56354,591,383,208
56355,214,125,89
56356,97,82,15
56357,386,215,171
56358,1257,81,1176
56359,1338,525,813
56360,1762,8,1754
56361,925,229,696
56362,2168,679,1489
56363,85,6253,-6168
56364,2099,345,1754
56367,2598,479,2119
56368,1646,547,1099
56369,226,22,204
56371,37,300,-263
56373,1179,50,1129
56374,3280,942,2338
56375,337,390,-53
56376,128,39,89
56377,7870,276,7594
56378,3354,926,2428
56379,6897,78,6819
56381,997,454,543
56382,534,950,-416
56384,134,306,-172
56385,445,76,369
56386,308,228,80
56387,3515,107,3408
56389,36,286,-250
56401,12558,416,12142
56425,3447,26,3421
56431,3695,1194,2501
56433,773,234,539
56434,71,670,-599
56435,1198,279,919
56437,464,354,110
56438,1068,513,555
56440,517,38,479
56441,1722,12705,-10983
56442,1376,47,1329
56443,626,32,594
56444,1341,87,1254
56446,640,125,515
56447,365,34,331
56448,218,234,-16
56449,725,306,419
56450,492,57,435
56452,934,844,90
56453,301,140,161
56455,649,213,436
56458,148,241,-93
56461,1306,112,1194
56464,1672,216,1456
56465,889,615,274
56466,1306,595,711
56467,1064,33,1031
56468,1776,148,1628
56469,486,313,173
56470,4384,698,3686
56472,3379,796,2583
56473,1307,230,1077
56474,1864,193,1671
56475,641,78,563
56477,1136,277,859
56479,1832,856,976
56481,888,115,773
56482,2975,290,2685
56484,1359,41,1318
56501,7284,363,6921
56510,926,45,881
56511,798,128,670
56514,1414,162,1252
56515,1243,146,1097
56516,122,58,64
56517,95,116,-21
56518,152,107,45
56519,111,1348,-1237
56520,1713,41,1672
56521,311,301,10
56522,175,412,-237
56523,156,79,77
56524,296,62,234
56525,32,42,-10
56527,314,180,134
56528,750,75,675
56529,1847,238,1609
56531,788,136,652
56533,116,6739,-6623
56534,530,65,465
56535,516,98,418
56536,145,185,-40
56537,8610,521,8089
56540,726,410,316
56541,27,244,-217
56542,1042,99,943
56543,96,1191,-1095
56544,2120,885,1235
56545,268,61,207
56546,93,218,-125
56547,945,61,884
56548,304,102,202
56549,1783,33,1750
56550,141,17,124
56551,918,367,551
56552,202,221,-19
56553,122,77,45
56554,1096,364,732
56556,448,794,-346
56557,984,237,747
56560,17665,81,17584
56562,0,1035,-1035
56563,0,295,-295
56565,38,88,-50
56566,197,29,168
56567,1297,73,1224
56568,56,414,-358
56569,464,376,88
56570,465,506,-41
56571,785,291,494
56572,2165,116,2049
56573,2712,542,2170
56574,115,16,99
56575,272,525,-253
56576,383,39,344
56578,293,53,240
56579,393,303,90
56580,474,439,35
56581,130,1923,-1793
56583,67,31,36
56584,558,102,456
56585,484,1619,-1135
56586,813,213,600
56587,568,86,482
56588,185,82,103
56589,692,353,339
56590,157,1228,-1071
56591,216,375,-159
56592,157,20,137
56594,183,138,45
56601,13661,304,13357
56621,1666,194,1472
56623,1058,26,1032
56626,87,20,67
56627,136,854,-718
56628,650,58,592
56629,74,99,-25
56630,851,143,708
56633,1556,524,1032
56634,615,70,545
56636,1932,107,1825
56637,73,85,-12
56639,207,143,64
56641,132,106,26
56644,281,38,243
56646,155,39,116
56647,313,111,202
56649,4189,293,3896
56650,424,110,314
56651,191,96,95
56652,186,27,159
56653,560,42,518
56654,38,17612,-17574
56655,758,13546,-12788
56657,90,5305,-5215
56658,0,854,-854
56659,64,233,-169
56660,119,112,7
56661,402,3071,-2669
56662,249,2449,-2200
56663,84,2350,-2266
56666,210,262,-52
56667,305,123,182
56668,95,82,13
56669,108,52,56
56670,300,2597,-2297
56671,831,1058,-227
56672,892,789,103
56673,165,52,113
56676,714,21,693
56678,615,591,24
56680,54,884,-830
56681,104,2304,-2200
56683,253,89,164
56684,139,129,10
56685,62,371,-309
56686,337,433,-96
56688,64,1546,-1482
56701,5562,42,5520
56710,191,221,-30
56711,5,90,-85
56713,409,146,263
56714,467,618,-151
56715,137,450,-313
56716,3791,205,3586
56720,8,149,-141
56721,4165,374,3791
56722,145,123,22
56723,313,76,237
56724,51,1267,-1216
56725,346,1098,-752
56726,601,401,200
56727,351,157,194
56728,492,134,358
56729,48,4,44
56731,46,147,-101
56732,430,57,373
56733,164,25,139
56734,189,6671,-6482
56735,274,4098,-3824
56736,326,158,168
56737,354,266,88
56738,528,488,40
56742,311,73,238
56744,198,16,182
56748,252,913,-661
56750,1005,162,843
56751,2207,21,2186
56754,224,36,188
56755,32,0,32
56756,210,106,104
56757,355,239,116
56758,132,181,-49
56759,124,34,90
56760,189,112,77
56761,157,19,138
56762,1023,198,825
56763,1874,871,1003
57001,668,59,609
57002,611,108,503
57003,659,63,596
57004,1493,200,1293
57005,4410,116,4294
57006,9540,148,9392
57007,0,563,-563
57010,280,64,216
57012,469,238,231
57013,1751,158,1593
57014,690,304,386
57015,285,183,102
57016,326,93,233
57017,493,124,369
57018,550,120,430
57020,605,399,206
57021,159,662,-503
57022,2162,454,1708
57024,218,83,135
57025,1139,1010,129
57026,546,258,288
57027,64,1401,-1337
57028,1230,189,1041
57029,888,110,778
57030,1121,519,602
57031,393,268,125
57032,2982,615,2367
57033,2169,1308,861
57034,368,68,300
57035,368,75,293
57036,261,55,206
57037,405,452,-47
57038,613,532,81
57039,1496,171,1325
57040,145,91,54
57041,29,162,-133
57042,3213,187,3026
57043,568,27,541
57045,454,118,336
57046,360,148,212
57047,140,48,92
57048,512,196,316
57049,3248,3556,-308
57050,136,3599,-3463
57051,133,0,133
57052,104,268,-164
57053,803,10709,-9906
57054,247,196,51
57055,512,379,133
57057,93,14091,-13998
57058,718,22812,-22094
57059,542,11204,-10662
57061,64,0,64
57062,498,15752,-15254
57063,337,0,337
57064,2351,7107,-4756
57065,165,647,-482
57066,662,0,662
57067,94,135,-41
57068,609,237,372
57069,4535,130,4405
57070,578,40,538
57071,1360,263,1097
57072,265,21,244
57073,188,1023,-835
57075,461,159,302
57076,194,87,107
57077,484,15,469
57078,8254,468,7786
57103,14095,251,13844
57104,11731,342,11389
57105,9568,83,9485
57106,20037,292,19745
57107,4183,237,3946
57108,12512,118,12394
57110,7639,188,7451
57117,0,2362,-2362
57197,0,89,-89
57201,11005,23,10982
57212,838,596,242
57213,164,47,117
57214,51,261,-210
57216,602,93,509
57217,111,1111,-1000
57218,147,121,26
57219,208,839,-631
57220,349,229,120
57221,313,326,-13
57223,474,787,-313
57224,76,107,-31
57225,731,187,544
57226,756,82,674
57227,110,458,-348
57231,681,56,625
57232,161,189,-28
57233,70,114,-44
57234,468,487,-19
57235,321,66,255
57236,55,888,-833
57237,282,326,-44
57238,184,160,24
57239,148,98,50
57241,327,457,-130
57242,130,330,-200
57243,276,251,25
57245,73,119,-46
57246,72,673,-601
57247,87,54,33
57248,391,703,-312
57249,385,4143,-3758
57251,45,26,19
57252,1953,2015,-62
57255,155,105,50
57256,66,1640,-1574
57257,220,99,121
57258,55,26,29
57259,255,564,-309
57260,383,30,353
57261,119,133,-14
57262,1831,1077,754
57263,192,172,20
57264,107,53,54
57265,83,161,-78
57266,194,360,-166
57268,220,39,181
57269,77,17,60
57270,268,1191,-923
57271,50,47,3
57272,74,435,-361
57273,411,69,342
57274,1193,322,871
57276,462,315,147
57278,261,214,47
57279,439,211,228
57301,7917,29,7888
57311,529,18,511
57312,288,766,-478
57313,455,139,316
57314,253,111,142
57315,464,33,431
57317,206,63,143
57319,340,162,178
57321,115,426,-311
57322,114,684,-570
57323,101,1662,-1561
57324,166,513,-347
57325,1157,375,782
57328,435,59,376
57329,140,309,-169
57330,184,160,24
57331,130,120,10
57332,272,192,80
57334,335,116,219
57335,110,89,21
57337,45,262,-217
57339,345,126,219
57340,87,97,-10
57341,49,7295,-7246
57342,130,0,130
57344,45,7,38
57345,475,552,-77
57346,28,53,-25
57348,282,229,53
57349,580,168,412
57350,6316,123,6193
57353,283,1260,-977
57354,16,115,-99
57355,533,40,493
57356,622,119,503
57358,11,660,-649
57359,216,86,130
57361,72,151,-79
57362,885,115,770
57363,424,54,370
57364,5,64,-59
57365,262,482,-220
57366,1013,801,212
57367,106,310,-204
57368,419,75,344
57369,999,77,922
57370,271,117,154
57371,75,245,-170
57373,188,110,78
57374,129,119,10
57375,255,55,200
57376,403,139,264
57379,35,100,-65
57380,959,18,941
57381,214,200,14
57382,546,131,415
57383,343,271,72
57384,440,597,-157
57385,535,138,397
57386,154,240,-86
57401,13755,277,13478
57420,53,139,-86
57421,25,213,-188
57422,88,247,-159
57424,83,173,-90
57426,5,1172,-1167
57427,199,86,113
57428,211,116,95
57429,45,73,-28
57430,819,90,729
57432,153,104,49
57433,202,131,71
57434,200,118,82
57435,121,418,-297
57436,213,120,93
57437,600,43,557
57438,397,66,331
57439,28,219,-191
57440,152,136,16
57441,210,129,81
57442,899,182,717
57445,728,134,594
57446,268,545,-277
57448,194,123,71
57449,100,119,-19
57450,204,12484,-12280
57451,837,10282,-9445
57452,105,9870,-9765
57454,272,0,272
57455,50,134,-84
57456,221,296,-75
57457,46,1606,-1560
57460,99,40,59
57461,138,198,-60
57465,152,292,-140
57466,64,477,-413
57467,122,168,-46
57468,152,113,39
57469,1290,438,852
57470,25,254,-229
57471,232,627,-395
57472,369,1009,-640
57473,80,171,-91
57474,63,124,-61
57475,53,286,-233
57476,157,1428,-1271
57477,50,54,-4
57479,224,816,-592
57481,159,9332,-9173
57501,7233,277,6956
57520,88,77,11
57521,64,87,-23
57522,232,452,-220
57523,409,184,225
57528,361,805,-444
57529,106,51,55
57531,36,99,-63
57532,1249,50,1199
57533,682,160,522
57534,70,26,44
57536,157,121,36
57537,37,316,-279
57538,84,149,-65
57540,35,322,-287
57541,34,403,-369
57543,273,377,-104
57544,162,797,-635
57547,56,469,-413
57548,343,159,184
57551,731,94,637
57552,260,8808,-8548
57553,47,68,-21
57555,1068,567,501
57559,294,638,-344
57560,175,1003,-828
57562,22,100,-78
57563,36,120,-84
57564,353,91,262
57566,187,159,28
57567,439,435,4
57568,231,71,160
57569,105,86,19
57570,480,309,171
57571,11,412,-401
57572,374,884,-510
57574,77,585,-508
57576,66,36,30
57577,216,136,80
57579,359,85,274
57580,1628,107,1521
57584,28,522,-494
57585,70,490,-420
57601,1646,170,1476
57620,259,187,72
57621,51,204,-153
57622,83,422,-339
57623,254,244,10
57625,1115,95,1020
57626,291,151,140
57630,22,164,-142
57631,189,12609,-12420
57632,297,0,297
57633,177,7629,-7452
57634,34,1394,-1360
57636,28,0,28
57638,791,0,791
57639,73,229,-156
57640,54,83,-29
57641,121,57,64
57642,525,15,510
57644,144,62,82
57645,65,414,-349
57646,97,285,-188
57648,180,498,-318
57649,98,127,-29
57650,4,110,-106
57651,49,126,-77
57652,83,621,-538
57656,312,126,186
57657,55,148,-93
57658,87,127,-40
57659,1,191,-190
57660,32,214,-182
57661,53,64,-11
57701,18311,301,18010
57702,14615,283,14332
57703,6421,78,6343
57706,502,653,-151
57714,160,60,100
57716,154,278,-124
57717,3281,105,3176
57718,3090,56,3034
57719,3974,121,3853
57720,297,234,63
57722,81,120,-39
57724,91,372,-281
57725,131,112,19
57730,2433,432,2001
57732,1064,108,956
57735,589,1112,-523
57737,0,142,-142
57738,157,90,67
57741,68,148,-80
57744,731,530,201
57745,713,299,414
57747,2687,66,2621
57748,83,352,-269
57750,49,136,-87
57751,357,117,240
57752,424,71,353
57754,1772,188,1584
57755,57,299,-242
57756,131,166,-35
57758,48,176,-128
57759,56,990,-934
57760,365,396,-31
57761,377,101,276
57762,205,534,-329
57763,129,141,-12
57764,469,664,-195
57766,61,135,-74
57767,98,322,-224
57769,1520,35,1485
57770,1017,96,921
57772,321,7975,-7654
57773,100,112,-12
57775,93,239,-146
57776,0,29,-29
57779,137,166,-29
57780,37,90,-53
57782,13,192,-179
57783,7096,68,7028
57785,4067,154,3913
57787,206,114,92
57788,174,479,-305
57790,373,708,-335
57791,85,108,-23
57792,51,1269,-1218
57793,721,72,649
57794,54,692,-638
57799,0,78,-78
58001,113,419,-306
58002,0,282,-282
58004,147,64,83
58005,330,195,135
58006,187,31,156
58007,37,1067,-1030
58008,99,90,9
58009,9,64,-55
58011,181,611,-430
58012,1162,218,944
58013,68,226,-158
58015,90,251,-161
58016,122,1607,-1485
58017,138,20,118
58018,146,334,-188
58021,178,222,-44
58027,636,37,599
58029,17,102,-85
58030,263,274,-11
58031,144,187,-43
58032,313,354,-41
58033,183,685,-502
58035,96,65,31
58036,93,146,-53
58038,107,92,15
58040,517,1909,-1392
58041,622,35,587
58042,497,512,-15
58043,69,700,-631
58045,910,287,623
58046,233,15,218
58047,1618,827,791
58048,173,760,-587
58049,138,4242,-4104
58051,600,176,424
58052,242,4961,-4719
58053,538,347,191
58054,1270,60,1210
58056,65,124,-59
58057,88,131,-43
58058,45,27,18
58059,502,232,270
58060,505,28,477
58061,128,95,33
58062,72,110,-38
58063,148,25,123
58064,203,804,-601
58065,7,132,-125
58067,106,42,64
58068,141,180,-39
58069,67,113,-46
58071,188,1467,-1279
58072,3521,215,3306
58074,21,354,-333
58075,3818,44,3774
58076,0,1722,-1722
58077,291,158,133
58078,14978,65,14913
58079,133,33,100
58081,377,36,341
58102,13823,42,13781
58103,23452,1241,22211
58104,19233,10,19223
58105,14,15,-1
58201,18957,73,18884
58202,193,307,-114
58203,7468,219,7249
58204,587,505,82
58205,0,115,-115
58210,128,16269,-16141
58212,180,21116,-20936
58214,160,11376,-11216
58216,65,4380,-4315
58218,324,1524,-1200
58219,36,74,-38
58220,972,150,822
58222,102,242,-140
58223,59,35,24
58224,7,506,-499
58225,429,52,377
58227,228,371,-143
58228,341,106,235
58229,39,663,-624
58230,287,107,180
58231,159,155,4
58233,136,154,-18
58235,206,197,9
58236,39,2063,-2024
58237,2204,146,2058
58238,33,7,26
58239,12,174,-162
58240,498,38,460
58241,73,101,-28
58243,231,27,204
58244,16,181,-165
58249,1003,335,668
58250,100,99,1
58251,820,66,754
58254,221,64,157
58255,0,915,-915
58256,298,1072,-774
58257,791,30,761
58258,128,9,119
58259,242,50,192
58260,73,139,-66
58261,508,53,455
58262,24,231,-207
58265,176,290,-114
58266,55,661,-606
58267,511,3203,-2692
58269,109,100,9
58270,794,163,631
58271,238,10,228
58272,104,4957,-4853
58273,82,73,9
58274,429,9,420
58275,313,1054,-741
58276,210,43,167
58277,75,46,29
58278,787,467,320
58281,34,44,-10
58282,590,25,565
58301,4267,828,3439
58310,0,390,-390
58311,29,124,-95
58313,34,1235,-1201
58316,1706,3518,-1812
58317,81,71,10
58318,1572,6,1566
58321,36,78,-42
58323,21,321,-300
58324,625,46,579
58325,21,69,-48
58327,108,23,85
58329,801,142,659
58330,256,151,105
58331,84,397,-313
58332,122,59,63
58335,247,378,-131
58338,47,14,33
58339,5,6443,-6438
58341,1122,10328,-9206
58343,17,12580,-12563
58344,378,339,39
58345,69,105,-36
58346,215,747,-532
58348,334,501,-167
58351,144,192,-48
58352,162,2265,-2103
58353,42,44,-2
58355,16,60,-44
58356,777,71,706
58357,174,780,-606
58361,116,1064,-948
58362,0,27,-27
58363,37,1394,-1357
58365,89,1584,-1495
58366,316,187,129
58367,511,61,450
58368,1454,268,1186
58369,329,291,38
58370,305,687,-382
58372,39,57,-18
58374,304,35,269
58377,136,788,-652
58379,54,302,-248
58380,173,84,89
58381,139,226,-87
58382,70,80,-10
58384,168,161,7
58385,63,191,-128
58386,35,102,-67
58401,7758,237,7521
58402,0,177,-177
58405,0,87,-87
58413,563,46,517
58415,68,4010,-3942
58416,170,87,83
58418,194,8,186
58420,92,78,14
58421,1255,49,1206
58422,48,164,-116
58423,31,41,-10
58424,133,51,82
58425,522,53,469
58426,74,237,-163
58428,102,61,41
58429,132,95,37
58430,57,347,-290
58431,55,1490,-1435
58433,518,139,379
58436,667,369,298
58438,368,197,171
58439,55,289,-234
58440,59,200,-141
58441,135,43,92
58442,187,206,-19
58443,64,536,-472
58444,83,572,-489
58445,73,126,-53
58448,148,4965,-4817
58451,41,433,-392
58452,13,991,-978
58454,166,616,-450
58455,114,984,-870
58456,260,247,13
58458,421,67,354
58460,69,796,-727
58461,184,224,-40
58463,291,83,208
58464,101,57,44
58466,211,52,159
58467,237,164,73
58472,150,97,53
58474,1068,30,1038
58475,84,48,36
58476,200,1277,-1077
58477,61,192,-131
58478,68,80,-12
58479,69,68,1
58480,100,17,83
58481,124,36,88
58482,442,21,421
58483,132,13530,-13398
58484,38,9347,-9309
58486,75,103,-28
58487,185,822,-637
58488,83,81,2
58490,105,1821,-1716
58492,199,2654,-2455
58494,140,0,140
58495,502,246,256
58496,99,475,-376
58497,81,32,49
58501,11794,23,11771
58503,14766,262,14504
58504,11443,1791,9652
58505,0,614,-614
58520,101,107,-6
58521,287,214,73
58523,1337,14508,-13171
58524,43,46,-3
58528,152,135,17
58529,308,3871,-3563
58530,427,103,324
58531,180,7187,-7007
58532,143,12399,-12256
58533,449,825,-376
58535,207,11857,-11650
58538,634,161,473
58540,1186,200,986
58541,253,1807,-1554
58542,126,49,77
58544,241,3350,-3109
58545,1460,108,1352
58549,95,149,-54
58552,746,1020,-274
58554,11361,830,10531
58558,340,75,265
58559,116,34,82
58560,89,71,18
58561,453,190,263
58562,149,73,76
58563,793,179,614
58564,42,118,-76
58565,96,1651,-1555
58566,94,93,1
58568,178,61,117
58569,45,44,1
58570,174,103,71
58571,263,76,187
58572,122,742,-620
58573,266,136,130
58575,371,99,272
58576,462,1341,-879
58577,817,403,414
58579,487,123,364
58580,199,13,186
58581,129,855,-726
58601,11644,1539,10105
58620,64,141,-77
58621,555,186,369
58622,653,170,483
58623,764,13532,-12768
58625,110,8756,-8646
58626,179,6140,-5961
58627,63,2956,-2893
58630,235,7336,-7101
58631,468,502,-34
58632,81,941,-860
58634,162,586,-424
58636,336,634,-298
58638,399,1004,-605
58639,797,235,562
58640,515,153,362
58641,37,2313,-2276
58642,99,923,-824
58643,67,76,-9
58644,7,226,-219
58645,89,441,-352
58646,464,2119,-1655
58647,456,762,-306
58649,129,172,-43
58650,210,5741,-5531
58651,223,145,78
58652,476,39,437
58653,290,140,150
58654,92,325,-233
58655,253,658,-405
58656,152,567,-415
58701,14218,2021,12197
58703,9229,60,9169
58704,1290,129,1161
58705,0,381,-381
58707,0,145,-145
58710,256,329,-73
58711,81,171,-90
58712,40,679,-639
58713,32,1419,-1387
58716,123,4303,-4180
58718,424,54,370
58721,214,2687,-2473
58722,654,1320,-666
58723,78,351,-273
58725,162,13,149
58727,83,782,-699
58730,516,4230,-3714
58731,149,83,66
58733,155,918,-763
58734,115,1479,-1364
58735,136,510,-374
58736,238,1377,-1139
58737,55,19661,-19606
58740,262,207,55
58741,291,3602,-3311
58744,67,5211,-5144
58746,638,230,408
58748,58,93,-35
58750,148,179,-31
58752,147,32,115
58755,98,1630,-1532
58756,92,316,-224
58757,305,416,-111
58758,117,681,-564
58759,247,922,-675
58760,108,4639,-4531
58761,316,528,-212
58762,73,129,-56
58763,1372,120,1252
58765,155,45,110
58768,118,105,13
58769,136,414,-278
58770,573,131,442
58771,215,647,-432
58772,75,17,58
58773,368,264,104
58775,66,1691,-1625
58776,154,214,-60
58778,64,5748,-5684
58779,123,8918,-8795
58781,206,19456,-19250
58782,202,12231,-12029
58783,182,13419,-13237
58784,985,8494,-7509
58785,584,16204,-15620
58787,61,3776,-3715
58788,435,8925,-8490
58789,140,16879,-16739
58790,601,9344,-8743
58792,101,23722,-23621
58793,211,10053,-9842
58794,88,4401,-4313
58795,74,1962,-1888
58801,12965,2809,10156
58830,88,14504,-14416
58831,397,5003,-4606
58833,85,163,-78
58835,320,13259,-12939
58838,137,13818,-13681
58843,251,4706,-4455
58844,40,711,-671
58845,336,11601,-11265
58847,112,1872,-1760
58849,529,3465,-2936
58852,834,3004,-2170
58853,197,802,-605
58854,3074,3865,-791
58856,31,7116,-7085
59001,645,11991,-11346
59002,59,13483,-13424
59003,501,10496,-9995
59006,563,11887,-11324
59007,66,9088,-9022
59008,147,8426,-8279
59010,103,20601,-20498
59011,1165,12644,-11479
59012,32,9555,-9523
59013,69,14914,-14845
59014,663,5003,-4340
59015,147,15003,-14856
59016,254,13895,-13641
59018,265,3297,-3032
59019,1631,6149,-4518
59020,50,1727,-1677
59022,424,334,90
59024,142,18067,-17925
59025,24,13827,-13803
59026,83,11121,-11038
59027,412,10438,-10026
59028,252,3433,-3181
59029,334,3445,-3111
59030,744,5918,-5174
59031,87,22748,-22661
59032,201,9291,-9090
59033,53,1170,-1117
59034,1665,16308,-14643
59035,118,14281,-14163
59036,592,9514,-8922
59037,862,6609,-5747
59038,274,2614,-2340
59039,13,3909,-3896
59041,829,11919,-11090
59043,645,10476,-9831
59044,4883,12812,-7929
59046,209,11102,-10893
59047,5792,14094,-8302
59050,359,5974,-5615
59052,63,7001,-6938
59053,159,13289,-13130
59054,141,9056,-8915
59055,34,202,-168
59057,330,11273,-10943
59058,15,131,-116
59059,90,1371,-1281
59061,150,95,55
59062,32,16258,-16226
59063,727,5968,-5241
59064,102,3386,-3284
59065,75,15591,-15516
59066,127,16610,-16483
59067,92,6288,-6196
59068,1678,16035,-14357
59069,282,68,214
59070,399,6894,-6495
59071,45,6059,-6014
59072,1914,10944,-9030
59074,193,9918,-9725
59075,88,2603,-2515
59076,18,2146,-2128
59077,21,14241,-14220
59078,74,11304,-11230
59079,1407,4469,-3062
59081,45,39,6
59082,9,10455,-10446
59083,0,3818,-3818
59085,56,20,36
59086,456,817,-361
59087,177,960,-783
59088,454,20514,-20060
59089,135,584,-449
59101,16739,1592,15147
59102,20841,4663,16178
59105,12962,7718,5244
59106,7799,6381,1418
59201,1683,3154,-1471
59211,50,9792,-9742
59212,129,838,-709
59213,226,7598,-7372
59214,27,2994,-2967
59215,460,1852,-1392
59217,70,6640,-6570
59218,374,1281,-907
59219,92,11872,-11780
59221,856,4108,-3252
59222,111,9063,-8952
59223,26,6000,-5974
59225,144,11897,-11753
59226,172,8002,-7830
59230,1866,4533,-2667
59231,143,7179,-7036
59240,8,8664,-8656
59241,190,538,-348
59242,26,10785,-10759
59243,117,880,-763
59244,14,10878,-10864
59247,166,9124,-8958
59248,355,15525,-15170
59250,78,12005,-11927
59252,30,3968,-3938
59253,34,5272,-5238
59254,790,5362,-4572
59255,804,15798,-14994
59256,33,7599,-7566
59257,32,2038,-2006
59258,74,15402,-15328
59259,141,13259,-13118
59260,41,1608,-1567
59261,204,1480,-1276
59262,284,13707,-13423
59263,619,6563,-5944
59270,3486,3821,-335
59273,5,2879,-2874
59274,152,21021,-20869
59275,181,7637,-7456
59276,9,5972,-5963
59301,4702,8487,-3785
59311,74,628,-554
59312,3,2085,-2082
59313,956,14490,-13534
59314,36,3866,-3830
59315,32,18822,-18790
59316,13,5741,-5728
59317,446,3389,-2943
59318,41,6001,-5960
59319,10,7993,-7983
59322,29,1892,-1863
59323,913,1534,-621
59324,379,3272,-2893
59326,88,9833,-9745
59327,921,868,53
59330,3674,3291,383
59332,80,8996,-8916
59333,7,3991,-3984
59336,92,5450,-5358
59337,284,7716,-7432
59338,88,6796,-6708
59339,52,6367,-6315
59343,22,5734,-5712
59344,213,18036,-17823
59345,33,6419,-6386
59347,149,95,54
59349,391,11545,-11154
59351,93,7597,-7504
59353,434,16027,-15593
59354,7,12043,-12036
59401,6105,3372,2733
59404,10913,7806,3107
59405,13631,695,12936
59410,284,9759,-9475
59411,164,11721,-11557
59412,606,4465,-3859
59414,342,8040,-7698
59416,174,3262,-3088
59417,2096,7584,-5488
59418,32,11176,-11144
59419,44,9544,-9500
59420,79,21778,-21699
59421,885,5659,-4774
59422,1035,1785,-750
59424,17,5084,-5067
59425,1388,5060,-3672
59427,1585,8960,-7375
59430,230,575,-345
59432,65,1936,-1871
59433,203,14934,-14731
59434,170,5550,-5380
59435,22,3874,-3852
59436,828,7147,-6319
59440,115,8577,-8462
59441,31,9083,-9052
59442,681,2342,-1661
59443,211,1768,-1557
59444,125,194,-69
59446,209,5267,-5058
59447,113,1918,-1805
59448,140,7338,-7198
59450,220,300,-80
59451,79,4078,-3999
59452,211,1078,-867
59453,137,15139,-15002
59454,64,5857,-5793
59456,43,243,-200
59457,4146,2153,1993
59460,111,4830,-4719
59461,5,4454,-4449
59462,93,2352,-2259
59463,65,8742,-8677
59464,206,5732,-5526
59465,24,7515,-7491
59466,49,3415,-3366
59467,29,8128,-8099
59468,263,4924,-4661
59469,37,13232,-13195
59471,131,19529,-19398
59472,297,19213,-18916
59474,1306,10265,-8959
59477,121,568,-447
59479,345,404,-59
59480,134,7018,-6884
59482,219,3927,-3708
59483,146,10873,-10727
59484,51,10845,-10794
59485,260,12395,-12135
59486,488,1438,-950
59487,536,40,496
59489,196,1154,-958
59501,4972,5730,-758
59520,433,4240,-3807
59521,1096,11774,-10678
59522,479,5467,-4988
59523,941,11207,-10266
59524,252,270,-18
59525,100,697,-597
59526,753,11392,-10639
59527,271,4040,-3769
59528,110,37,73
59529,49,216,-167
59530,52,8811,-8759
59531,149,0,149
59532,67,15322,-15255
59535,10,1127,-1117
59537,14,5818,-5804
59538,1174,11750,-10576
59540,188,8785,-8597
59542,111,4561,-4450
59544,79,6157,-6078
59545,33,4897,-4864
59546,95,234,-139
59547,28,529,-501
59601,14555,1484,13071
59602,11079,1493,9586
59623,0,296,-296
59625,0,4209,-4209
59631,152,4857,-4705
59632,786,691,95
59633,140,0,140
59634,1856,4258,-2402
59635,3157,10360,-7203
59636,0,8097,-8097
59638,221,9129,-8908
59639,634,14729,-14095
59640,58,12265,-12207
59642,34,13543,-13509
59643,299,6475,-6176
59644,1916,13219,-11303
59645,627,6343,-5716
59647,165,637,-472
59648,182,261,-79
59701,14565,289,14276
59710,126,12396,-12270
59711,4295,1466,2829
59713,63,11051,-10988
59714,8928,25203,-16275
59715,14900,19103,-4203
59716,1009,22370,-21361
59718,16949,19018,-2069
59720,148,13179,-13031
59721,173,26915,-26742
59722,1828,33432,-31604
59724,51,20099,-20048
59725,3306,21123,-17817
59727,115,28868,-28753
59728,136,35534,-35398
59729,1031,26922,-25891
59730,768,25646,-24878
59731,51,11871,-11820
59732,74,23608,-23534
59733,58,23478,-23420
59735,95,12306,-12211
59736,74,28702,-28628
59739,146,22096,-21950
59740,209,24652,-24443
59741,1980,30135,-28155
59743,84,20699,-20615
59745,43,11631,-11588
59746,62,23541,-23479
59747,65,4989,-4924
59748,110,25231,-25121
59749,762,11814,-11052
59750,108,18842,-18734
59751,68,19620,-19552
59752,1544,25448,-23904
59754,419,34071,-33652
59755,55,24432,-24377
59756,16,9000,-8984
59758,679,17680,-17001
59759,1631,16033,-14402
59760,116,15501,-15385
59761,157,10606,-10449
59762,125,34219,-34094
59801,14518,21129,-6611
59802,8808,19452,-10644
59803,6307,13193,-6886
59804,3128,13700,-10572
59808,8865,9896,-1031
59812,0,10128,-10128
59820,804,11608,-10804
59821,963,36971,-36008
59823,736,12763,-12027
59824,576,20847,-20271
59825,870,4722,-3852
59826,282,9138,-8856
59827,145,15445,-15300
59828,2293,4169,-1876
59829,1100,11424,-10324
59830,76,8691,-8615
59831,212,21404,-21192
59832,319,6955,-6636
59833,2211,10137,-7926
59834,837,13210,-12373
59837,143,152,-9
59840,6665,550,6115
59841,192,290,-98
59842,49,558,-509
59843,110,9816,-9706
59844,253,4261,-4008
59845,607,220,387
59846,599,322,277
59847,2626,226,2400
59848,45,49,-4
59851,60,624,-564
59853,385,947,-562
59854,94,734,-640
59855,205,22,183
59856,64,848,-784
59858,647,288,359
59859,1749,300,1449
59860,4539,313,4226
59863,98,221,-123
59864,2460,0,2460
59865,1291,103,1188
59866,466,118,348
59867,21,366,-345
59868,974,1800,-826
59870,4695,849,3846
59871,169,1222,-1053
59872,938,771,167
59873,1284,2433,-1149
59874,823,83,740
59875,1632,175,1457
59901,22127,625,21502
59910,272,255,17
59911,3676,4516,-840
59912,5843,348,5495
59913,280,294,-14
59914,153,1070,-917
59915,123,2328,-2205
59916,78,635,-557
59917,2027,2148,-121
59918,228,872,-644
59919,308,355,-47
59920,577,385,192
59922,1040,295,745
59923,4411,274,4137
59925,572,669,-97
59926,176,1998,-1822
59927,129,556,-427
59928,84,163,-79
59929,69,17,52
59930,217,3187,-2970
59931,131,196,-65
59932,698,130,568
59933,7,575,-568
59934,299,840,-541
59935,1269,217,1052
59936,179,11387,-11208
59937,6114,2781,3333
60002,9506,866,8640
60004,20494,810,19684
60005,12405,250,12155
60007,12745,496,12249
60008,8731,297,8434
60010,16999,2039,14960
60012,3929,427,3502
60013,9470,1334,8136
60014,17177,1074,16103
60015,10246,9200,1046
60016,24144,982,23162
60018,9685,1967,7718
60020,4869,0,4869
60021,2007,785,1222
60022,3106,880,2226
60025,16088,521,15567
60026,5463,13238,-7775
60029,178,2903,-2725
60030,13928,79,13849
60031,14258,479,13779
60033,4783,347,4436
60034,769,662,107
60035,12082,187,11895
60040,1974,32,1942
60041,3442,59,3383
60042,3184,1170,2014
60043,755,699,56
60044,4236,1753,2483
60045,7659,212,7447
60046,12024,124,11900
60047,14588,699,13889
60048,10455,410,10045
60050,12805,1319,11486
60051,8956,1698,7258
60053,9456,28,9428
60056,21788,59,21729
60060,13041,579,12462
60061,10486,2933,7553
60062,16453,810,15643
60064,5611,1546,4065
60067,15301,1513,13788
60068,15179,3585,11594
60069,3572,341,3231
60070,6272,5803,469
60071,1866,463,1403
60072,338,5999,-5661
60073,19392,4102,15290
60074,14463,6909,7554
60075,13,1983,-1970
60076,11506,443,11063
60077,10878,54,10824
60081,3199,618,2581
60083,3366,32,3334
60084,6348,3866,2482
60085,24250,8354,15896
60087,9425,1061,8364
60088,1330,1519,-189
60089,15953,704,15249
60090,15298,2198,13100
60091,10292,338,9954
60093,7240,50,7190
60096,2745,8071,-5326
60097,4433,6601,-2168
60098,12451,10053,2398
60099,11012,6854,4158
60101,13402,13052,350
60102,11971,11804,167
60103,14272,11215,3057
60104,6056,9299,-3243
60106,7593,82,7511
60107,12854,6090,6764
60108,9196,8522,674
60109,197,15596,-15399
60110,11722,600,11122
60111,70,2254,-2184
60112,1661,551,1110
60113,93,561,-468
60115,16873,636,16237
60118,6270,39,6231
60119,3962,1380,2582
60120,15953,481,15472
60123,17570,2220,15350
60124,8744,2754,5990
60126,17332,455,16877
60129,104,118,-14
60130,6961,9898,-2937
60131,5895,1066,4829
60133,11220,145,11075
60134,10896,2387,8509
60135,2703,4407,-1704
60136,2749,746,2003
60137,14629,513,14116
60139,11429,109,11320
60140,7007,375,6632
60141,137,368,-231
60142,12494,444,12050
60143,4658,540,4118
60144,43,239,-196
60145,992,4710,-3718
60146,927,18777,-17850
60148,20198,2746,17452
60150,674,595,79
60151,1530,1293,237
60152,4580,165,4415
60153,7875,1733,6142
60154,6829,53,6776
60155,3089,1209,1880
60156,9912,125,9787
60157,967,433,534
60160,7949,951,6998
60162,2987,3520,-533
60163,1913,594,1319
60164,7162,975,6187
60165,1307,742,565
60169,12161,4401,7760
60171,3762,1651,2111
60172,9289,70,9219
60173,6534,202,6332
60174,12490,76,12414
60175,8701,344,8357
60176,4299,119,4180
60177,8111,86,8025
60178,8419,156,8263
60180,555,233,322
60181,11261,452,10809
60183,0,294,-294
60184,919,119,800
60185,10743,577,10166
60187,10341,33,10308
60188,15018,31,14987
60189,11835,369,11466
60190,4406,1049,3357
60191,5184,514,4670
60192,5785,6,5779
60193,16016,592,15424
60194,8093,543,7550
60195,2271,0,2271
60201,16240,38,16202
60202,14016,118,13898
60203,1670,237,1433
60208,0,193,-193
60301,1842,251,1591
60302,14375,211,14164
60304,6576,115,6461
60305,4428,120,4308
60401,2895,3168,-273
60402,22272,3401,18871
60403,7597,151,7446
60404,6944,380,6564
60406,8971,31,8940
60407,600,1866,-1266
60408,2109,357,1752
60409,13895,9904,3991
60410,4511,506,4005
60411,17999,4570,13429
60415,5415,4858,557
60416,3913,236,3677
60417,6133,117,6016
60418,4686,1334,3352
60419,7789,623,7166
60420,1811,2359,-548
60421,1537,111,1426
60422,3721,8079,-4358
60423,10904,349,10555
60424,844,513,331
60425,3073,693,2380
60426,8572,559,8013
60428,3492,50,3442
60429,5228,804,4424
60430,7594,47,7547
60431,8678,427,8251
60432,6278,886,5392
60433,5304,601,4703
60435,18683,179,18504
60436,6356,559,5797
60437,34,14327,-14293
60438,11306,1594,9712
60439,8571,165,8406
60440,17175,643,16532
60441,12122,385,11737
60442,4336,294,4042
60443,8207,678,7529
60444,717,88,629
60445,5751,89,5662
60446,12458,297,12161
60447,5138,62,5076
60448,8978,552,8426
60449,3635,605,3030
60450,8456,1529,6927
60451,12328,277,12051
60452,10163,51,10112
60453,22064,130,21934
60455,6061,43,6018
60456,1895,982,913
60457,4984,418,4566
60458,5190,338,4852
60459,9482,126,9356
60460,557,245,312
60461,1908,27,1881
60462,16086,1488,14598
60463,5159,66,5093
60464,3727,401,3326
60465,7727,414,7313
60466,8108,353,7755
60467,9534,134,9400
60468,2262,259,2003
60469,1642,435,1207
60470,162,314,-152
60471,5070,5794,-724
60472,1475,397,1078
60473,7480,1523,5957
60474,308,230,78
60475,4196,754,3442
60476,983,152,831
60477,15474,154,15320
60478,5729,258,5471
60479,342,251,91
60480,2141,8225,-6084
60481,4642,373,4269
60482,4543,196,4347
60484,2441,103,2338
60487,9099,4296,4803
60490,6345,488,5857
60491,7634,145,7489
60501,3635,417,3218
60502,8313,88,8225
60503,5501,1053,4448
60504,13819,245,13574
60505,18434,64,18370
60506,17374,257,17117
60510,10580,714,9866
60511,666,96,570
60512,368,94,274
60513,7608,217,7391
60514,3756,274,3482
60515,11854,93,11761
60516,11822,65,11757
60517,12680,620,12060
60518,1511,229,1282
60519,24,764,-740
60520,1146,425,721
60521,6020,196,5824
60523,4359,695,3664
60525,12230,529,11701
60526,5192,375,4817
60527,12056,512,11544
60530,237,919,-682
60531,793,800,-7
60532,12698,291,12407
60534,3900,1123,2777
60536,50,113,-63
60537,244,6841,-6597
60538,9528,4381,5147
60539,0,92,-92
60540,15524,3048,12476
60541,1115,390,725
60542,7024,857,6167
60543,13874,1209,12665
60544,10038,2245,7793
60545,4720,1198,3522
60546,6546,193,6353
60548,4430,977,3453
60549,151,642,-491
60550,493,606,-113
60551,1445,1154,291
60552,1547,1275,272
60553,266,78,188
60554,4398,1110,3288
60555,5281,53,5228
60556,750,1703,-953
60557,84,45,39
60558,4510,258,4252
60559,10091,242,9849
60560,8991,1788,7203
60561,9281,1406,7875
60563,15718,4197,11521
60564,14950,7042,7908
60565,13639,73,13566
60585,7377,97,7280
60586,13980,18039,-4059
60601,8787,1245,7542
60602,581,257,324
60603,734,1079,-345
60604,401,55,346
60605,17467,181,17286
60606,2388,439,1949
60607,13169,566,12603
60608,27804,264,27540
60609,22402,1658,20744
60610,24654,427,24227
60611,22394,731,21663
60612,13766,9070,4696
60613,28334,498,27836
60614,33922,556,33366
60615,21709,6555,15154
60616,24622,12916,11706
60617,30141,6204,23937
60618,36855,2435,34420
60619,28030,4593,23437
60620,25825,2473,23352
60621,10783,10402,381
60622,24839,13281,11558
60623,26225,9903,16322
60624,13204,2882,10322
60625,30888,40,30848
60626,23272,15340,7932
60628,23198,13649,9549
60629,33175,4205,28970
60630,21358,68,21290
60631,12189,282,11907
60632,26080,230,25850
60633,5127,793,4334
60634,27567,157,27410
60636,11391,537,10854
60637,21450,990,20460
60638,20775,4031,16744
60639,26363,548,25815
60640,36521,386,36135
60641,24917,212,24705
60642,10515,67,10448
60643,18075,798,17277
60644,17870,424,17446
60645,16806,1074,15732
60646,10946,292,10654
60647,36880,645,36235
60649,23349,195,23154
60651,20564,1556,19008
60652,13479,1908,11571
60653,16925,641,16284
60654,14294,627,13667
60655,10730,511,10219
60656,12471,100,12371
60657,38263,717,37546
60659,13838,1640,12198
60660,21179,627,20552
60661,6850,1003,5847
60706,9408,285,9123
60707,15551,28,15523
60712,4766,45,4721
60714,11744,1628,10116
60803,8925,1228,7697
60804,23915,539,23376
60805,7495,1777,5718
60827,9589,943,8646
60901,13338,582,12756
60910,225,1113,-888
60911,494,18180,-17686
60912,233,5337,-5104
60913,712,197,515
60914,9493,419,9074
60915,3943,365,3578
60917,181,136,45
60918,279,228,51
60919,227,351,-124
60920,81,138,-57
60921,685,587,98
60922,1008,304,704
60924,661,312,349
60926,41,11465,-11424
60927,938,8209,-7271
60928,228,113,115
60929,276,282,-6
60930,295,151,144
60931,228,757,-529
60932,127,469,-342
60933,131,145,-14
60934,94,182,-88
60935,426,966,-540
60936,1943,573,1370
60938,726,13470,-12744
60939,0,12839,-12839
60940,1100,9047,-7947
60941,650,211,439
60942,2298,49,2249
60945,94,15096,-15002
60946,192,938,-746
60948,644,2529,-1885
60949,201,232,-31
60950,4849,239,4610
60951,328,550,-222
60952,226,1255,-1029
60953,937,884,53
60954,2233,333,1900
60955,580,155,425
60956,50,1989,-1939
60957,2204,438,1766
60958,646,62,584
60959,447,682,-235
60960,317,217,100
60961,297,158,139
60962,221,104,117
60963,491,4831,-4340
60964,1879,679,1200
60966,649,55,594
60967,26,2851,-2825
60968,198,43,155
60969,24,1167,-1143
60970,2870,447,2423
60973,107,208,-101
60974,106,339,-233
61001,544,715,-171
61006,611,611,0
61007,142,5604,-5462
61008,12529,562,11967
61010,2849,116,2733
61011,919,365,554
61012,850,2290,-1440
61013,291,2838,-2547
61014,494,268,226
61015,328,296,32
61016,2087,698,1389
61018,416,585,-169
61019,1275,1762,-487
61020,964,288,676
61021,8907,1987,6920
61024,990,387,603
61025,1946,1523,423
61027,48,1688,-1640
61028,865,544,321
61030,824,650,174
61031,639,762,-123
61032,13052,261,12791
61036,3377,324,3053
61037,55,9448,-9393
61038,417,1010,-593
61039,304,312,-8
61041,609,337,272
61042,192,320,-128
61043,50,191,-141
61044,76,405,-329
61046,1093,216,877
61047,664,492,172
61048,1678,43,1635
61049,216,798,-582
61050,102,9486,-9384
61051,605,97,508
61052,388,33,355
61053,1132,485,647
61054,1830,585,1245
61057,26,5464,-5438
61059,80,96,-16
61060,577,3033,-2456
61061,2986,2521,465
61062,718,62,656
61063,1633,1219,414
61064,1793,837,956
61065,3477,611,2866
61067,359,13466,-13107
61068,5960,224,5736
61070,524,807,-283
61071,5803,4523,1280
61072,4184,134,4050
61073,7140,2504,4636
61074,1966,241,1725
61075,421,1666,-1245
61077,0,156,-156
61078,484,1712,-1228
61079,80,383,-303
61080,4298,1563,2735
61081,8786,192,8594
61084,1106,304,802
61085,1374,398,976
61087,637,27,610
61088,2514,4069,-1555
61089,293,11895,-11602
61091,10,245,-235
61101,7719,341,7378
61102,6199,46,6153
61103,10002,392,9610
61104,8061,272,7789
61107,12975,2000,10975
61108,11956,5334,6622
61109,10802,6697,4105
61111,9744,278,9466
61112,71,833,-762
61114,6474,17543,-11069
61115,8518,978,7540
61201,15443,238,15205
61230,379,231,148
61231,2114,698,1416
61232,621,660,-39
61233,107,2610,-2503
61234,507,114,393
61235,706,266,440
61236,31,5068,-5037
61237,0,258,-258
61238,1066,271,795
61239,522,4034,-3512
61240,2464,339,2125
61241,2812,249,2563
61242,527,2306,-1779
61243,139,798,-659
61244,9173,3163,6010
61250,1161,403,758
61251,179,23,156
61252,2472,941,1531
61254,4965,1449,3516
61256,834,10,824
61257,331,412,-81
61258,79,1582,-1503
61259,541,48,493
61260,307,104,203
61261,347,42,305
61262,295,139,156
61263,313,1070,-757
61264,4655,115,4540
61265,18784,1271,17513
61270,2733,120,2613
61272,486,642,-156
61273,1154,80,1074
61274,99,599,-500
61275,1724,884,840
61276,22,3118,-3096
61277,1164,192,972
61278,273,365,-92
61279,422,155,267
61281,965,1140,-175
61282,3978,134,3844
61283,498,471,27
61284,881,4812,-3931
61285,693,1048,-355
61301,4394,62,4332
61310,1536,2620,-1084
61311,138,2832,-2694
61312,174,3106,-2932
61313,109,3560,-3451
61314,352,5468,-5116
61315,87,3490,-3403
61316,106,7089,-6983
61317,218,398,-180
61318,273,670,-397
61319,515,917,-402
61320,251,309,-58
61321,104,574,-470
61322,507,392,115
61323,57,8026,-7969
61324,42,11007,-10965
61325,415,7402,-6987
61326,822,1410,-588
61327,549,12057,-11508
61328,45,2365,-2320
61329,513,2917,-2404
61330,465,2829,-2364
61331,0,2588,-2588
61332,68,14031,-13963
61333,115,4851,-4736
61334,264,1111,-847
61335,128,349,-221
61336,197,1940,-1743
61337,188,753,-565
61338,115,461,-346
61340,213,514,-301
61341,2952,2308,644
61342,3412,452,2960
61344,124,658,-534
61345,300,3669,-3369
61346,35,121,-86
61348,1917,6084,-4167
61349,416,210,206
61350,10016,383,9633
61353,462,2082,-1620
61354,4577,337,4240
61356,4753,1352,3401
61358,144,3441,-3297
61359,185,2758,-2573
61360,1321,78,1243
61361,498,687,-189
61362,2484,2067,417
61363,135,1276,-1141
61364,8275,1567,6708
61367,351,85,266
61368,545,343,202
61369,618,11472,-10854
61370,504,954,-450
61371,42,561,-519
61372,77,94,-17
61373,759,2567,-1808
61374,33,1293,-1260
61375,465,423,42
61376,813,2612,-1799
61377,663,20,643
61378,124,167,-43
61379,512,787,-275
61401,13569,209,13360
61402,0,185,-185
61410,1586,1627,-41
61411,198,2674,-2476
61412,514,1126,-612
61413,415,134,281
61414,285,284,1
61415,801,1968,-1167
61416,131,4839,-4708
61417,115,621,-506
61418,282,129,153
61419,51,6043,-5992
61420,406,13733,-13327
61421,575,7209,-6634
61422,1226,415,811
61423,296,876,-580
61424,17,208,-191
61425,173,180,-7
61426,17,282,-265
61427,797,128,669
61428,418,878,-460
61430,291,1705,-1414
61431,124,77,47
61432,267,471,-204
61433,17,117,-100
61434,1206,983,223
61435,67,789,-722
61436,353,55,298
61437,267,39,228
61438,282,534,-252
61439,97,350,-253
61440,303,678,-375
61441,363,1395,-1032
61442,312,270,42
61443,5603,43,5560
61447,481,176,305
61448,1530,98,1432
61449,127,894,-767
61450,764,74,690
61451,69,214,-145
61452,88,705,-617
61453,240,115,125
61454,186,1482,-1296
61455,7069,691,6378
61458,230,341,-111
61459,119,274,-155
61460,101,72,29
61462,4352,315,4037
61465,535,31,504
61466,102,644,-542
61467,469,257,212
61468,88,193,-105
61469,936,2410,-1474
61470,204,311,-107
61471,44,704,-660
61472,219,494,-275
61473,520,163,357
61474,114,122,-8
61475,90,129,-39
61476,201,221,-20
61477,201,459,-258
61478,89,402,-313
61479,23,923,-900
61480,456,155,301
61482,227,7966,-7739
61483,807,324,483
61484,343,1679,-1336
61485,183,119,64
61486,592,670,-78
61488,534,1135,-601
61489,329,809,-480
61490,496,156,340
61491,938,1857,-919
61501,759,345,414
61516,267,404,-137
61517,1099,331,768
61519,93,694,-601
61520,6522,265,6257
61523,4454,487,3967
61524,147,742,-595
61525,3891,1370,2521
61526,339,394,-55
61528,1094,290,804
61529,1134,369,765
61530,2655,95,2560
61531,1321,203,1118
61532,204,148,56
61533,821,3313,-2492
61534,684,544,140
61535,653,2979,-2326
61536,1324,972,352
61537,1189,632,557
61539,79,161,-82
61540,1028,321,707
61541,53,168,-115
61542,1425,1261,164
61543,60,2380,-2320
61544,284,1121,-837
61545,313,5097,-4784
61546,1604,912,692
61547,1427,211,1216
61548,4538,4572,-34
61550,7476,897,6579
61552,111,113,-2
61553,85,532,-447
61554,17422,350,17072
61559,1386,386,1000
61560,258,512,-254
61561,908,381,527
61562,61,935,-874
61563,234,1395,-1161
61564,381,876,-495
61565,609,135,474
61567,267,3436,-3169
61568,1636,480,1156
61569,398,362,36
61570,704,142,562
61571,9512,802,8710
61572,445,443,2
61602,495,111,384
61603,6566,327,6239
61604,11992,296,11696
61605,5775,87,5688
61606,2552,1040,1512
61607,4214,747,3467
61610,2131,156,1975
61611,10006,722,9284
61614,13133,66,13067
61615,10147,377,9770
61616,2873,130,2743
61625,0,124,-124
61701,15810,20,15790
61704,15046,540,14506
61705,4839,15240,-10401
61720,84,6128,-6044
61721,217,397,-180
61722,230,14317,-14087
61723,1071,595,476
61724,163,682,-519
61725,598,54,544
61726,1033,446,587
61727,4011,554,3457
61728,456,1380,-924
61729,429,372,57
61730,145,16,129
61731,45,167,-122
61732,766,544,222
61733,354,695,-341
61734,1019,58,961
61735,162,188,-26
61736,911,717,194
61737,184,404,-220
61738,1558,602,956
61739,1935,376,1559
61740,580,775,-195
61741,626,2315,-1689
61742,465,1121,-656
61743,64,406,-342
61744,658,165,493
61745,1643,578,1065
61747,644,148,496
61748,959,166,793
61749,315,3114,-2799
61750,26,1551,-1525
61751,31,518,-487
61752,1737,2005,-268
61753,1228,2179,-951
61754,414,3155,-2741
61755,1890,425,1465
61756,913,6639,-5726
61759,564,212,352
61760,984,655,329
61761,20141,219,19922
61764,5358,589,4769
61769,247,210,37
61770,440,113,327
61771,265,404,-139
61772,70,745,-675
61773,130,1372,-1242
61774,368,2013,-1645
61775,122,346,-224
61776,527,2834,-2307
61777,420,486,-66
61778,225,0,225
61801,10938,279,10659
61802,8709,326,8383
61810,97,3331,-3234
61811,278,443,-165
61812,139,355,-216
61813,685,4838,-4153
61814,475,182,293
61815,160,112,48
61816,144,238,-94
61817,1090,254,836
61818,675,250,425
61820,14582,494,14088
61821,12401,107,12294
61822,11083,1480,9603
61830,174,615,-441
61831,98,157,-59
61832,13589,2412,11177
61833,829,215,614
61834,2509,10426,-7917
61839,219,261,-42
61840,198,7636,-7438
61841,462,427,35
61842,1058,165,893
61843,815,1405,-590
61844,354,636,-282
61845,172,243,-71
61846,2128,169,1959
61847,490,570,-80
61848,92,1254,-1162
61849,847,179,668
61850,150,84,66
61851,152,235,-83
61852,76,588,-512
61853,4809,2537,2272
61854,526,1043,-517
61855,44,2216,-2172
61856,3282,306,2976
61857,87,2053,-1966
61858,1078,796,282
61859,513,296,217
61862,222,173,49
61863,360,1681,-1321
61864,593,929,-336
61865,537,846,-309
61866,5477,634,4843
61870,487,1264,-777
61871,166,120,46
61872,245,599,-354
61873,2090,16375,-14285
61874,3412,11965,-8553
61875,306,18849,-18543
61876,232,2981,-2749
61877,513,6470,-5957
61878,541,3910,-3369
61880,1688,8774,-7086
61882,255,352,-97
61883,1799,1347,452
61884,427,360,67
61910,1437,710,727
61911,1660,51,1609
61912,549,382,167
61913,586,95,491
61914,876,4578,-3702
61917,240,669,-429
61919,318,161,157
61920,8423,556,7867
61924,906,326,580
61925,464,166,298
61928,305,185,120
61929,308,75,233
61930,257,3261,-3004
61931,498,1245,-747
61932,230,717,-487
61933,457,764,-307
61936,125,79,46
61937,761,562,199
61938,9495,481,9014
61940,139,44,95
61941,63,644,-581
61942,446,226,220
61943,730,3601,-2871
61944,5365,112,5253
61949,80,485,-405
61951,2947,287,2660
61953,2637,4086,-1449
61955,69,621,-552
61956,1258,2525,-1267
61957,714,37,677
62001,689,386,303
62002,13431,71,13360
62006,162,865,-703
62009,723,404,319
62010,4619,282,4337
62011,105,948,-843
62012,2318,125,2193
62013,157,101,56
62014,1404,44,1360
62015,202,337,-135
62016,1396,702,694
62017,454,97,357
62018,1102,1385,-283
62019,155,2389,-2234
62021,362,213,149
62022,360,51,309
62023,37,151,-114
62024,4141,4120,21
62025,12304,10157,2147
62026,0,732,-732
62027,210,220,-10
62028,269,662,-393
62030,33,1140,-1107
62031,286,761,-475
62032,268,297,-29
62033,1847,386,1461
62034,6000,158,5842
62035,6792,464,6328
62036,208,108,100
62037,727,221,506
62040,16719,131,16588
62044,735,44,691
62045,154,236,-82
62046,352,4577,-4225
62047,388,891,-503
62048,775,279,496
62049,2640,1151,1489
62050,115,282,-167
62051,358,151,207
62052,4720,99,4621
62053,138,972,-834
62054,131,324,-193
62056,3841,1235,2606
62058,351,256,95
62059,181,107,74
62060,1843,373,1470
62061,633,367,266
62062,3510,831,2679
62063,359,5240,-4881
62067,870,189,681
62069,1392,777,615
62074,473,663,-190
62075,1296,10345,-9049
62076,48,1935,-1887
62077,113,912,-799
62078,23,283,-260
62079,80,2873,-2793
62080,872,866,6
62081,96,207,-111
62082,973,1089,-116
62083,97,433,-336
62084,694,1273,-579
62085,70,129,-59
62086,480,344,136
62087,787,1108,-321
62088,2759,3997,-1238
62089,307,382,-75
62090,443,1298,-855
62091,143,163,-20
62092,1018,1307,-289
62093,209,240,-31
62094,340,1116,-776
62095,4518,873,3645
62097,1092,111,981
62098,10,124,-114
62201,2099,2543,-444
62203,2186,788,1398
62204,2447,567,1880
62205,2304,411,1893
62206,4431,443,3988
62207,3083,812,2271
62208,7148,1098,6050
62214,450,1145,-695
62215,782,182,600
62216,1046,277,769
62217,324,252,72
62218,732,230,502
62219,398,5363,-4965
62220,7242,259,6983
62221,11940,5259,6681
62223,7309,347,6962
62225,1444,119,1325
62226,12270,2129,10141
62230,2630,1182,1448
62231,2647,110,2537
62232,2693,222,2471
62233,2519,339,2180
62234,13690,463,13227
62236,5357,925,4432
62237,1051,10819,-9768
62238,207,4740,-4533
62239,1814,22,1792
62240,602,28,574
62241,344,248,96
62242,597,553,44
62243,2267,45,2222
62244,363,6499,-6136
62245,738,105,633
62246,3453,289,3164
62248,228,306,-78
62249,6898,464,6434
62250,240,552,-312
62253,294,93,201
62254,2342,164,2178
62255,359,240,119
62256,17,528,-511
62257,862,582,280
62258,3448,542,2906
62260,2714,765,1949
62261,33,411,-378
62262,745,369,376
62263,2145,647,1498
62264,1322,364,958
62265,1834,387,1447
62266,12,289,-277
62268,398,1521,-1123
62269,13217,238,12979
62271,808,211,597
62272,652,122,530
62273,111,689,-578
62274,2670,5944,-3274
62275,1124,13694,-12570
62277,405,14091,-13686
62278,2559,3530,-971
62279,24,615,-591
62280,197,222,-25
62281,1127,726,401
62282,285,2828,-2543
62284,274,16604,-16330
62285,1728,1746,-18
62286,2412,7873,-5461
62288,1136,21245,-20109
62289,159,1923,-1764
62292,357,4484,-4127
62293,1735,16071,-14336
62294,5615,9903,-4288
62295,533,135,398
62297,173,19016,-18843
62298,6868,17109,-10241
62301,13630,6654,6976
62305,7651,364,7287
62311,388,1250,-862
62312,652,2422,-1770
62313,142,413,-271
62314,224,3048,-2824
62316,285,142,143
62319,110,8723,-8613
62320,885,9460,-8575
62321,1672,4370,-2698
62323,82,0,82
62324,564,0,564
62325,167,1274,-1107
62326,1009,6062,-5053
62330,670,5357,-4687
62334,80,5177,-5097
62336,35,8927,-8892
62338,481,37,444
62339,416,921,-505
62340,699,724,-25
62341,1401,0,1401
62343,318,870,-552
62344,10,77,-67
62345,134,1912,-1778
62346,75,5255,-5180
62347,717,3120,-2403
62348,74,378,-304
62349,297,1160,-863
62351,750,128,622
62352,88,7171,-7083
62353,1369,4363,-2994
62354,509,22,487
62355,264,5874,-5610
62356,193,6734,-6541
62357,137,433,-296
62358,200,3651,-3451
62359,48,2140,-2092
62360,696,8544,-7848
62361,111,558,-447
62362,164,1256,-1092
62363,2254,1056,1198
62365,184,3459,-3275
62366,468,8968,-8500
62367,611,6572,-5961
62370,118,4615,-4497
62373,145,4414,-4269
62374,180,10832,-10652
62375,270,13224,-12954
62376,433,7635,-7202
62378,355,8638,-8283
62379,762,8735,-7973
62380,113,4976,-4863
62401,7933,15112,-7179
62410,484,8460,-7976
62411,1756,19172,-17416
62413,138,4433,-4295
62414,675,10901,-10226
62417,1046,14193,-13147
62418,813,3408,-2595
62419,91,10932,-10841
62420,1824,16153,-14329
62421,204,21850,-21646
62422,404,4286,-3882
62423,229,13789,-13560
62424,872,6266,-5394
62425,256,1895,-1639
62426,365,12145,-11780
62427,804,21047,-20243
62428,1160,12635,-11475
62431,351,6473,-6122
62432,242,5853,-5611
62433,507,3237,-2730
62434,153,5584,-5431
62436,291,8662,-8371
62438,65,18422,-18357
62439,2862,7862,-5000
62440,506,7885,-7379
62441,2850,11384,-8534
62442,1057,139,918
62443,704,8013,-7309
62444,161,5236,-5075
62445,406,4442,-4036
62446,138,14017,-13879
62447,1201,3954,-2753
62448,2234,0,2234
62449,1359,19326,-17967
62450,5027,18888,-13861
62451,933,14390,-13457
62452,144,71,73
62454,3860,510,3350
62458,906,348,558
62459,109,2817,-2708
62460,448,475,-27
62461,357,376,-19
62462,471,1294,-823
62463,463,1721,-1258
62464,48,618,-570
62465,325,210,115
62466,1027,1054,-27
62467,1545,2261,-716
62468,1003,502,501
62469,121,313,-192
62471,3373,733,2640
62473,483,340,143
62474,285,1947,-1662
62475,139,1879,-1740
62476,610,553,57
62477,282,1904,-1622
62478,120,1935,-1815
62479,294,745,-451
62480,233,17106,-16873
62481,135,7635,-7500
62501,901,14693,-13792
62510,771,869,-98
62512,252,12,240
62513,652,240,412
62514,147,26973,-26826
62515,426,791,-365
62517,88,8577,-8489
62518,96,190,-94
62519,30,1424,-1394
62520,602,6110,-5508
62521,14020,778,13242
62522,5814,11746,-5932
62523,265,258,7
62526,14349,30,14319
62530,632,314,318
62531,707,2376,-1669
62532,50,3908,-3858
62533,338,8365,-8027
62534,490,214,276
62535,1356,79,1277
62536,314,221,93
62537,101,9,92
62538,169,261,-92
62539,522,1568,-1046
62540,587,455,132
62541,24,602,-578
62543,226,289,-63
62544,615,20,595
62545,571,610,-39
62546,596,398,198
62547,338,199,139
62548,973,1442,-469
62549,2296,327,1969
62550,1102,492,610
62551,331,626,-295
62553,144,80,64
62554,682,96,586
62555,205,418,-213
62556,131,192,-61
62557,2972,390,2582
62558,1463,1628,-165
62560,496,100,396
62561,2245,95,2150
62563,2255,1813,442
62565,3196,172,3024
62567,395,2175,-1780
62568,6391,711,5680
62570,246,239,7
62571,620,45,575
62572,204,174,30
62573,494,58,436
62601,114,1006,-892
62610,72,533,-461
62611,463,308,155
62612,627,182,445
62613,1544,149,1395
62615,1977,213,1764
62617,268,8072,-7804
62618,2763,361,2402
62621,445,170,275
62622,8,535,-527
62624,132,383,-251
62625,375,341,34
62626,2913,86,2827
62627,441,295,146
62628,305,821,-516
62629,5650,139,5511
62630,254,88,166
62631,127,88,39
62633,234,154,80
62634,426,155,271
62635,295,392,-97
62638,528,487,41
62639,118,550,-432
62640,1235,205,1030
62642,545,488,57
62643,278,990,-712
62644,2105,140,1965
62649,176,3228,-3052
62650,9923,1308,8615
62655,233,1298,-1065
62656,6828,101,6727
62661,540,314,226
62663,88,525,-437
62664,1277,138,1139
62665,572,529,43
62666,176,222,-46
62667,247,1860,-1613
62668,492,46,446
62670,1048,111,937
62671,202,6985,-6783
62672,73,574,-501
62673,162,629,-467
62674,551,372,179
62675,2582,280,2302
62677,844,1521,-677
62681,2095,169,1926
62682,279,428,-149
62684,2038,1136,902
62685,692,5184,-4492
62688,329,583,-254
62689,251,1553,-1302
62690,1565,414,1151
62691,910,385,525
62692,842,222,620
62693,659,398,261
62694,1197,1132,65
62695,198,10114,-9916
62701,515,4404,-3889
62702,15167,586,14581
62703,12391,1660,10731
62704,18930,424,18506
62706,0,251,-251
62707,3500,644,2856
62711,7384,124,7260
62712,4328,1297,3031
62801,7711,540,7171
62803,420,341,79
62806,1384,3217,-1833
62807,381,104,277
62808,664,44,620
62809,134,4565,-4431
62810,387,782,-395
62811,130,78,52
62812,4773,98,4675
62814,707,13711,-13004
62815,94,3655,-3561
62816,464,1425,-961
62817,269,286,-17
62818,177,313,-136
62819,148,1252,-1104
62820,71,16,55
62821,3089,221,2868
62822,1195,2212,-1017
62823,680,22,658
62824,675,36,639
62825,118,35,83
62827,497,20,477
62828,480,4,476
62829,59,204,-145
62830,590,414,176
62831,197,12,185
62832,3786,446,3340
62833,143,9504,-9361
62835,504,55,449
62836,338,280,58
62837,3779,89,3690
62838,697,2110,-1413
62839,2747,415,2332
62841,50,265,-215
62842,297,627,-330
62843,74,63,11
62844,856,1065,-209
62846,299,43,256
62848,271,6654,-6383
62849,792,2527,-1735
62850,145,417,-272
62851,91,170,-79
62852,61,85,-24
62853,347,93,254
62854,752,377,375
62856,140,353,-213
62858,1183,9209,-8026
62859,2167,137,2030
62860,207,441,-234
62861,56,1242,-1186
62862,132,515,-383
62863,3992,71,3921
62864,9580,1740,7840
62865,870,12,858
62867,150,316,-166
62868,674,94,580
62869,916,461,455
62870,877,2794,-1917
62871,241,135,106
62872,416,2453,-2037
62874,192,612,-420
62875,489,165,324
62876,68,5445,-5377
62877,186,2136,-1950
62878,154,635,-481
62879,14,15,-1
62880,251,560,-309
62881,4497,101,4396
62882,902,1667,-765
62883,238,545,-307
62884,1110,112,998
62885,238,514,-276
62886,113,5052,-4939
62887,84,36,48
62888,787,615,172
62889,436,2526,-2090
62890,967,195,772
62891,298,484,-186
62892,93,320,-227
62893,351,1572,-1221
62894,352,431,-79
62895,805,2040,-1235
62896,4722,115,4607
62897,181,788,-607
62898,810,1370,-560
62899,555,50,505
62901,10482,281,10201
62902,1834,27,1807
62903,1278,190,1088
62905,220,13753,-13533
62906,2996,0,2996
62907,659,481,178
62908,151,1605,-1454
62910,808,27,781
62912,569,3901,-3332
62914,681,317,364
62915,208,1071,-863
62916,307,565,-258
62917,951,578,373
62918,4384,178,4206
62919,290,293,-3
62920,1213,368,845
62921,127,743,-616
62922,1262,444,818
62923,162,152,10
62924,1137,158,979
62926,732,638,94
62927,149,448,-299
62928,28,83,-55
62930,2567,353,2214
62931,602,2556,-1954
62932,502,1219,-717
62933,518,764,-246
62934,280,0,280
62935,845,243,602
62938,1029,1140,-111
62939,1105,1109,-4
62940,243,725,-482
62941,266,269,-3
62942,255,1325,-1070
62943,133,10341,-10208
62946,5152,9230,-4078
62947,199,11340,-11141
62948,5468,1752,3716
62949,377,170,207
62950,67,385,-318
62951,2103,730,1373
62952,1150,1453,-303
62953,89,199,-110
62954,342,62,280
62956,410,6407,-5997
62957,231,5633,-5402
62958,823,9457,-8634
62959,11667,2813,8854
62960,4239,360,3879
62961,11,106,-95
62962,0,2574,-2574
62963,217,2530,-2313
62964,498,1682,-1184
62965,10,8811,-8801
62966,6124,9020,-2896
62967,108,2107,-1999
62969,101,1615,-1514
62970,217,14380,-14163
62972,425,5933,-5508
62974,635,5584,-4949
62975,80,2388,-2308
62976,117,4644,-4527
62977,281,1364,-1083
62979,469,2162,-1693
62982,400,7714,-7314
62983,723,6030,-5307
62984,637,7,630
62985,259,8,251
62987,545,2451,-1906
62988,420,13362,-12942
62990,318,1171,-853
62992,234,328,-94
62994,254,89,165
62995,1388,299,1089
62996,154,3976,-3822
62997,217,3572,-3355
62998,88,746,-658
62999,621,3351,-2730
63005,7118,4622,2496
63010,13768,4672,9096
63011,14309,8704,5605
63012,3861,4730,-869
63013,528,7427,-6899
63014,305,595,-290
63015,805,3534,-2729
63016,2865,8036,-5171
63017,17110,440,16670
63019,1904,4204,-2300
63020,7781,29,7752
63021,22254,30,22224
63023,2035,10335,-8300
63025,6094,460,5634
63026,17026,562,16464
63028,10679,1079,9600
63030,80,0,80
63031,18634,0,18634
63033,16702,2649,14053
63034,6592,3255,3337
63036,549,3900,-3351
63037,1246,4090,-2844
63038,2645,6203,-3558
63039,195,9158,-8963
63040,3188,4983,-1795
63041,122,4747,-4625
63042,8451,11979,-3528
63043,9456,6891,2565
63044,4290,5877,-1587
63045,0,17309,-17309
63047,0,11042,-11042
63048,1411,233,1178
63049,6514,3317,3197
63050,6238,3899,2339
63051,4583,610,3973
63052,10438,1956,8482
63053,40,6317,-6277
63055,655,4867,-4212
63056,628,3741,-3113
63060,792,8343,-7551
63061,53,10087,-10034
63068,2048,5526,-3478
63069,5591,14414,-8823
63070,2995,7951,-4956
63071,493,982,-489
63072,1229,4412,-3183
63073,542,9931,-9389
63074,6989,573,6416
63077,4698,2153,2545
63079,105,692,-587
63080,5543,210,5333
63084,7385,145,7240
63087,323,1359,-1036
63088,4249,10321,-6072
63089,2073,9703,-7630
63090,8899,2213,6686
63091,521,4321,-3800
63101,2133,8455,-6322
63102,1277,1779,-502
63103,5051,5155,-104
63104,9644,1834,7810
63105,6515,128,6387
63106,4008,313,3695
63107,3841,147,3694
63108,11016,15,11001
63109,14028,121,13907
63110,8737,150,8587
63111,8659,0,8659
63112,8859,446,8413
63113,4471,1048,3423
63114,14870,38,14832
63115,6860,326,6534
63116,19618,78,19540
63117,4816,345,4471
63118,11522,1750,9772
63119,14777,157,14620
63120,2506,287,2219
63121,10663,371,10292
63122,16719,4173,12546
63123,22071,269,21802
63124,4790,192,4598
63125,13612,30,13582
63126,6161,32,6129
63127,2220,169,2051
63128,13083,287,12796
63129,21243,366,20877
63130,12804,147,12657
63131,6822,643,6179
63132,6313,284,6029
63133,2936,43,2893
63134,5066,307,4759
63135,8247,467,7780
63136,18718,565,18153
63137,8410,119,8291
63138,7197,432,6765
63139,10570,475,10095
63140,122,189,-67
63141,9092,221,8871
63143,4803,99,4704
63144,4555,993,3562
63146,15092,143,14949
63147,3504,622,2882
63155,0,110,-110
63301,20441,91,20350
63303,20679,153,20526
63304,15685,327,15358
63330,50,643,-593
63332,577,1584,-1007
63333,312,240,72
63334,2471,78,2393
63336,469,5776,-5307
63339,318,850,-532
63341,1364,731,633
63343,1672,225,1447
63344,676,649,27
63345,261,355,-94
63347,903,134,769
63348,3766,158,3608
63349,666,1369,-703
63350,233,381,-148
63351,666,133,533
63352,575,474,101
63353,1933,935,998
63357,2052,230,1822
63359,557,398,159
63361,1932,3066,-1134
63362,3057,270,2787
63363,616,374,242
63365,33,761,-728
63366,19650,808,18842
63367,9831,803,9028
63368,16470,631,15839
63369,886,177,709
63373,255,402,-147
63376,28824,47,28777
63377,1184,200,984
63379,9754,172,9582
63380,268,38,230
63381,208,4636,-4428
63382,1177,4814,-3637
63383,5765,3983,1782
63384,793,5181,-4388
63385,16258,9145,7113
63386,169,5249,-5080
63387,49,4425,-4376
63388,395,205,190
63389,2346,218,2128
63390,4056,210,3846
63401,8690,703,7987
63430,206,235,-29
63431,110,2237,-2127
63432,187,206,-19
63433,0,358,-358
63434,252,274,-22
63435,1424,1992,-568
63436,586,194,392
63437,582,129,453
63438,121,263,-142
63439,85,172,-87
63440,366,110,256
63441,462,1174,-712
63443,193,249,-56
63445,1268,375,893
63446,138,518,-380
63447,358,1266,-908
63448,545,91,454
63450,87,180,-93
63451,121,161,-40
63452,455,659,-204
63453,115,275,-160
63454,350,257,93
63456,1909,268,1641
63457,101,163,-62
63458,32,288,-256
63459,1502,21,1481
63460,89,90,-1
63461,2211,106,2105
63462,594,191,403
63463,296,1278,-982
63465,149,359,-210
63466,23,198,-175
63467,19,452,-433
63468,909,182,727
63469,413,157,256
63471,271,558,-287
63472,203,385,-182
63473,104,800,-696
63474,164,50,114
63501,7382,931,6451
63530,366,177,189
63531,116,98,18
63532,491,279,212
63533,269,66,203
63534,334,150,184
63535,21,3352,-3331
63536,333,100,233
63537,606,249,357
63538,69,235,-166
63539,100,5574,-5474
63540,64,1668,-1604
63541,172,178,-6
63543,64,240,-176
63544,333,850,-517
63545,341,806,-465
63546,505,189,316
63547,190,243,-53
63548,286,2930,-2644
63549,870,492,378
63551,93,728,-635
63552,3011,5833,-2822
63555,1156,518,638
63556,1126,438,688
63557,83,782,-699
63558,235,154,81
63559,599,914,-315
63560,40,116,-76
63561,300,3259,-2959
63563,207,69,138
63565,1366,601,765
63566,37,1409,-1372
63567,29,596,-567
63601,6337,146,6191
63620,367,228,139
63621,571,922,-351
63622,425,318,107
63623,301,3295,-2994
63624,1371,623,748
63625,152,603,-451
63626,455,615,-160
63627,1184,24,1160
63628,5022,165,4857
63629,460,236,224
63630,1266,448,818
63631,351,291,60
63633,235,5331,-5096
63636,192,1717,-1525
63637,401,218,183
63638,910,983,-73
63640,9865,323,9542
63645,4152,49,4103
63648,505,332,173
63650,1653,632,1021
63653,492,626,-134
63654,283,344,-61
63655,503,14077,-13574
63656,172,15288,-15116
63660,1024,293,731
63662,417,2287,-1870
63663,301,334,-33
63664,3300,33,3267
63665,94,3474,-3380
63670,4567,659,3908
63673,741,8535,-7794
63674,19,1166,-1147
63675,15,149,-134
63701,14735,335,14400
63703,3588,1228,2360
63730,1414,1805,-391
63732,346,173,173
63735,337,189,148
63736,1548,65,1483
63738,0,8875,-8875
63739,224,1474,-1250
63740,2000,1009,991
63742,30,1488,-1458
63743,17,145,-128
63744,67,79,-12
63745,38,437,-399
63746,20,436,-416
63747,236,986,-750
63748,498,549,-51
63750,13,1894,-1881
63751,412,459,-47
63755,9950,558,9392
63758,170,5385,-5215
63760,179,292,-113
63763,60,361,-301
63764,1663,159,1504
63766,568,2418,-1850
63767,244,713,-469
63769,480,1286,-806
63770,72,1162,-1090
63771,935,559,376
63774,76,563,-487
63775,6148,3151,2997
63780,2248,5368,-3120
63781,481,636,-155
63782,102,434,-332
63783,62,269,-207
63784,59,4661,-4602
63785,496,612,-116
63787,249,198,51
63801,8993,687,8306
63820,98,2133,-2035
63821,288,1005,-717
63822,1017,461,556
63823,489,2360,-1871
63824,73,3759,-3686
63825,1550,510,1040
63826,40,533,-493
63827,210,25,185
63828,68,2965,-2897
63829,408,214,194
63830,2477,1870,607
63833,82,1536,-1454
63834,1686,487,1199
63837,570,238,332
63839,136,458,-322
63840,28,234,-206
63841,5454,329,5125
63845,2276,10,2266
63846,455,1476,-1021
63847,11,193,-182
63848,407,2840,-2433
63849,104,2620,-2516
63850,8,144,-136
63851,1361,268,1093
63852,550,292,258
63853,68,689,-621
63855,353,1080,-727
63857,4781,302,4479
63860,85,276,-191
63862,471,188,283
63863,2179,1471,708
63866,196,2085,-1889
63867,385,354,31
63868,386,975,-589
63869,1554,419,1135
63870,421,90,331
63873,1626,2832,-1206
63874,112,421,-309
63876,761,10901,-10140
63877,1333,16051,-14718
63878,34,14334,-14300
63879,316,18189,-17873
63880,32,22858,-22826
63882,150,0,150
63901,13129,275,12854
63932,350,1241,-891
63933,1230,75,1155
63934,9,4223,-4214
63935,2942,594,2348
63936,173,362,-189
63937,911,443,468
63939,392,3102,-2710
63940,521,823,-302
63941,59,157,-98
63942,201,41,160
63943,189,327,-138
63944,582,1653,-1071
63945,439,211,228
63950,15,8302,-8287
63951,93,736,-643
63952,98,1348,-1250
63953,380,607,-227
63954,299,577,-278
63955,78,180,-102
63956,292,1064,-772
63957,2096,207,1889
63960,1048,429,619
63961,711,338,373
63962,41,791,-750
63964,134,240,-106
63965,848,5945,-5097
63966,905,6199,-5294
63967,636,784,-148
64001,287,1037,-750
64011,1427,694,733
64012,11250,47,11203
64014,10286,681,9605
64015,12125,103,12022
64016,1876,1158,718
64017,122,94,28
64018,276,145,131
64019,955,787,168
64020,1282,315,967
64021,203,27,176
64022,50,160,-110
64024,5392,13545,-8153
64028,89,761,-672
64029,7385,24,7361
64030,10806,196,10610
64034,3265,223,3042
64035,342,359,-17
64036,135,680,-545
64037,2389,1301,1088
64040,2325,730,1595
64048,1357,105,1252
64050,9448,289,9159
64052,9398,169,9229
64053,2479,654,1825
64054,1096,214,882
64055,15411,331,15080
64056,5952,69,5883
64057,6054,2261,3793
64058,2497,624,1873
64060,5916,1243,4673
64061,1124,206,918
64062,2136,5835,-3699
64063,8662,136,8526
64064,7310,182,7128
64065,7,339,-332
64066,21,547,-526
64067,2274,1055,1219
64068,13467,624,12843
64070,1222,907,315
64071,249,198,51
64072,158,4571,-4413
64074,238,1872,-1634
64075,4185,11709,-7524
64076,3273,26,3247
64077,565,1094,-529
64078,3712,103,3609
64079,4680,229,4451
64080,5108,2142,2966
64081,9766,50,9716
64082,6161,394,5767
64083,9292,158,9134
64084,644,139,505
64085,3376,1305,2071
64086,8908,3211,5697
64088,501,248,253
64089,5021,126,4895
64090,54,2835,-2781
64092,19,47,-28
64093,10802,592,10210
64096,437,400,37
64097,384,246,138
64098,1228,783,445
64101,5,93,-88
64102,0,442,-442
64105,3677,2300,1377
64106,5368,118,5250
64108,4704,1934,2770
64109,4519,119,4400
64110,7441,1515,5926
64111,10418,62,10356
64112,4826,140,4686
64113,4679,301,4378
64114,12707,608,12099
64116,8564,11732,-3168
64117,6422,45,6377
64118,18043,2085,15958
64119,13185,204,12981
64120,184,2156,-1972
64123,3918,1332,2586
64124,3692,833,2859
64125,665,404,261
64126,2083,2391,-308
64127,7112,46,7066
64128,5056,3477,1579
64129,3623,5453,-1830
64130,8559,86,8473
64131,9735,2205,7530
64132,5112,363,4749
64133,15298,416,14882
64134,8812,211,8601
64136,673,830,-157
64137,4584,303,4281
64138,10468,889,9579
64139,829,4483,-3654
64145,1935,3492,-1557
64146,780,9,771
64147,134,987,-853
64149,167,57,110
64150,1820,421,1399
64151,11577,591,10986
64152,11802,302,11500
64153,2722,97,2625
64154,5685,1479,4206
64155,10574,4638,5936
64156,2261,1496,765
64157,7118,3555,3563
64158,2374,247,2127
64161,134,2104,-1970
64163,453,707,-254
64164,23,485,-462
64165,63,6536,-6473
64166,168,241,-73
64167,190,9544,-9354
64401,396,700,-304
64402,924,126,798
64420,15,3021,-3006
64421,379,47,332
64422,162,3554,-3392
64423,350,11,339
64424,1514,723,791
64426,141,3263,-3122
64427,265,657,-392
64428,259,244,15
64429,3693,216,3477
64430,315,74,241
64431,154,1649,-1495
64432,19,868,-849
64433,23,1693,-1670
64434,215,354,-139
64436,358,262,96
64437,206,616,-410
64438,46,180,-134
64439,644,377,267
64440,317,534,-217
64441,47,1156,-1109
64442,301,849,-548
64443,647,993,-346
64444,545,2140,-1595
64445,129,601,-472
64446,456,564,-108
64448,440,1164,-724
64449,207,2342,-2135
64451,198,81,117
64453,63,1371,-1308
64454,962,2058,-1096
64455,153,52,101
64456,508,646,-138
64457,89,81,8
64458,62,939,-877
64459,215,436,-221
64461,337,886,-549
64463,558,63,495
64465,1581,1241,340
64466,192,826,-634
64467,104,779,-675
64468,5720,3399,2321
64469,938,1031,-93
64470,651,225,426
64471,187,1106,-919
64473,541,545,-4
64474,347,1102,-755
64475,131,864,-733
64476,125,282,-157
64477,1485,2084,-599
64479,349,1918,-1569
64480,118,110,8
64481,344,676,-332
64482,897,248,649
64483,192,1499,-1307
64484,382,1466,-1084
64485,3181,5751,-2570
64486,102,895,-793
64487,288,4603,-4315
64489,723,468,255
64490,696,3823,-3127
64491,798,3484,-2686
64492,704,973,-269
64493,211,11200,-10989
64494,440,26,414
64496,98,1096,-998
64497,151,260,-109
64498,106,11018,-10912
64499,59,516,-457
64501,4508,1472,3036
64503,4833,684,4149
64504,4119,921,3198
64505,5116,151,4965
64506,8714,43,8671
64507,5265,179,5086
64601,4524,68,4456
64620,215,43,172
64622,162,358,-196
64623,136,330,-194
64624,601,1170,-569
64625,287,66,221
64628,2310,3322,-1012
64630,245,6747,-6502
64631,305,545,-240
64632,158,1409,-1251
64633,1774,4394,-2620
64635,176,72,104
64636,121,903,-782
64637,233,2401,-2168
64638,178,1743,-1565
64639,72,177,-105
64640,1206,1902,-696
64641,249,357,-108
64642,309,194,115
64643,444,233,211
64644,1118,2633,-1515
64645,77,508,-431
64646,85,234,-149
64647,195,576,-381
64648,666,174,492
64649,308,451,-143
64650,263,50,213
64651,196,667,-471
64652,146,182,-36
64653,259,1158,-899
64654,14,1196,-1182
64655,85,522,-437
64656,133,774,-641
64657,121,283,-162
64658,1219,444,775
64659,369,9590,-9221
64660,172,110,62
64661,304,199,105
64664,105,1056,-951
64667,85,2960,-2875
64668,650,47,603
64670,326,0,326
64671,722,2412,-1690
64672,53,950,-897
64673,842,610,232
64674,125,162,-37
64676,46,681,-635
64679,300,299,1
64681,59,1934,-1875
64682,151,2528,-2377
64683,2950,17877,-14927
64686,102,17250,-17148
64688,215,17364,-17149
64689,192,4785,-4593
64701,5715,23574,-17859
64720,1530,4173,-2643
64722,139,8476,-8337
64723,337,4877,-4540
64724,757,2808,-2051
64725,769,2171,-1402
64726,119,102,17
64728,163,279,-116
64730,2457,3941,-1484
64733,465,693,-228
64734,793,209,584
64735,5724,335,5389
64738,587,142,445
64739,338,146,192
64740,740,1947,-1207
64741,64,74,-10
64742,890,557,333
64743,90,812,-722
64744,2876,517,2359
64745,27,316,-289
64746,624,2943,-2319
64747,1587,371,1216
64748,593,1447,-854
64750,117,7514,-7397
64752,257,0,257
64755,873,2209,-1336
64756,283,266,17
64759,2907,374,2533
64761,559,246,313
64762,614,1237,-623
64763,588,251,337
64765,3,281,-278
64767,267,2808,-2541
64769,274,11013,-10739
64770,522,35,487
64771,157,7891,-7734
64772,5437,7499,-2062
64776,1590,13102,-11512
64778,168,10687,-10519
64779,853,780,73
64780,162,719,-557
64781,45,2708,-2663
64783,284,1111,-827
64784,500,730,-230
64788,622,144,478
64790,355,407,-52
64801,15267,19648,-4381
64804,14853,26360,-11507
64830,285,2193,-1908
64831,2416,995,1421
64832,455,6441,-5986
64833,20,1041,-1021
64834,3510,4805,-1295
64835,701,498,203
64836,9039,854,8185
64840,1131,948,183
64841,360,788,-428
64842,312,348,-36
64843,1158,229,929
64844,1693,319,1374
64847,169,3098,-2929
64848,197,2855,-2658
64849,71,3507,-3436
64850,8541,789,7752
64854,1480,1027,453
64855,988,1136,-148
64856,1465,74,1391
64857,156,1477,-1321
64858,210,229,-19
64859,496,236,260
64861,414,526,-112
64862,1344,383,961
64863,506,4679,-4173
64865,1886,9438,-7552
64866,389,5906,-5517
64867,349,9264,-8915
64868,58,795,-737
64870,5887,8147,-2260
64873,294,7826,-7532
64874,237,3954,-3717
65001,126,4652,-4526
65010,2870,0,2870
65011,632,0,632
65013,1160,8107,-6947
65014,992,8477,-7485
65016,518,8933,-8415
65017,465,6256,-5791
65018,3053,4003,-950
65020,5320,5507,-187
65023,698,9370,-8672
65024,432,8276,-7844
65025,299,8371,-8072
65026,4746,2337,2409
65032,562,14748,-14186
65034,315,10772,-10457
65035,642,5276,-4634
65037,2195,10338,-8143
65039,1067,9378,-8311
65040,423,2168,-1745
65041,2278,2555,-277
65043,3705,4271,-566
65046,578,2302,-1724
65047,464,4953,-4489
65048,87,7897,-7810
65049,2929,3671,-742
65050,175,3995,-3820
65051,1824,1577,247
65052,1208,680,528
65053,577,1101,-524
65054,367,328,39
65058,413,201,212
65059,437,188,249
65061,194,190,4
65062,11,197,-186
65063,1279,1292,-13
65064,272,505,-233
65065,2671,150,2521
65066,2415,785,1630
65067,176,1110,-934
65068,307,346,-39
65069,191,215,-24
65072,721,95,626
65074,1176,218,958
65075,354,156,198
65076,223,166,57
65077,171,341,-170
65078,1327,263,1064
65079,1978,231,1747
65080,490,526,-36
65081,1104,158,946
65082,388,305,83
65083,58,306,-248
65084,2341,172,2169
65085,514,2098,-1584
65101,10431,2345,8086
65109,16602,71,16531
65201,18057,1124,16933
65202,18952,720,18232
65203,25279,10141,15138
65215,0,2799,-2799
65216,0,292,-292
65230,194,671,-477
65231,1166,89,1077
65232,133,18114,-17981
65233,3791,5366,-1575
65236,485,27,458
65237,446,407,39
65239,661,1904,-1243
65240,3385,1133,2252
65243,810,272,538
65244,162,1315,-1153
65246,23,644,-621
65247,237,127,110
65248,1250,109,1141
65250,168,717,-549
65251,7148,64,7084
65254,661,243,418
65255,1885,640,1245
65256,733,15,718
65257,591,1591,-1000
65258,230,1013,-783
65259,977,293,684
65260,170,121,49
65261,395,413,-18
65262,341,473,-132
65263,568,262,306
65264,379,548,-169
65265,5717,1527,4190
65270,6067,1080,4987
65274,641,1200,-559
65275,968,503,465
65276,630,1278,-648
65278,38,1188,-1150
65279,615,206,409
65280,109,138,-29
65281,950,1276,-326
65282,75,350,-275
65283,243,147,96
65284,761,480,281
65285,197,2809,-2612
65286,24,386,-362
65287,87,595,-508
65301,13513,213,13300
65305,1002,235,767
65320,30,330,-300
65321,150,681,-531
65322,232,10206,-9974
65323,333,7807,-7474
65324,572,4993,-4421
65325,1153,3539,-2386
65326,819,2204,-1385
65327,79,3247,-3168
65329,92,3323,-3231
65330,180,4753,-4573
65332,595,1333,-738
65333,289,13960,-13671
65334,456,1106,-650
65335,126,2498,-2372
65336,2576,3340,-764
65337,698,3573,-2875
65338,1094,978,116
65339,148,36,112
65340,5075,0,5075
65344,61,4700,-4639
65345,202,363,-161
65347,362,267,95
65348,587,784,-197
65349,1055,2137,-1082
65350,662,64,598
65351,794,254,540
65354,229,224,5
65355,4593,4608,-15
65360,1663,403,1260
65401,13226,2211,11015
65409,8,0,8
65436,0,142,-142
65438,1051,865,186
65439,33,85,-52
65440,133,235,-102
65441,2142,1511,631
65443,39,154,-115
65444,333,1902,-1569
65446,209,123,86
65449,108,63,45
65452,1004,1554,-550
65453,3317,88,3229
65456,157,1106,-949
65457,121,3259,-3138
65459,2511,407,2104
65461,69,453,-384
65462,577,172,405
65463,598,481,117
65464,267,408,-141
65466,489,1348,-859
65468,3,111,-108
65470,361,27,334
65473,2103,138,1965
65479,84,9703,-9619
65483,1825,1325,500
65484,25,240,-215
65486,1327,127,1200
65501,68,457,-389
65529,102,487,-385
65534,224,111,113
65535,514,398,116
65536,11909,47,11862
65541,92,515,-423
65542,2066,337,1729
65543,234,36,198
65548,2169,286,1883
65550,1231,331,900
65552,684,535,149
65555,489,94,395
65556,2069,971,1098
65557,31,11242,-11211
65559,3320,49,3271
65560,5632,229,5403
65564,45,349,-304
65565,2090,482,1608
65566,295,112,183
65567,582,1501,-919
65570,276,285,-9
65571,716,114,602
65580,293,61,232
65582,909,530,379
65583,4857,1478,3379
65584,4061,207,3854
65586,8,91,-83
65588,839,255,584
65589,34,272,-238
65590,839,208,631
65591,468,399,69
65601,264,650,-386
65603,91,451,-360
65604,1498,196,1302
65605,4955,72,4883
65606,1030,533,497
65608,3201,1396,1805
65609,270,35,235
65610,1867,63,1804
65611,992,193,799
65612,682,459,223
65613,6513,700,5813
65614,193,258,-65
65616,10522,273,10249
65617,586,70,516
65618,42,582,-540
65619,3696,447,3249
65620,96,101,-5
65622,3252,2633,619
65623,3,114,-111
65624,656,53,603
65625,3025,141,2884
65626,871,1090,-219
65627,320,173,147
65629,227,292,-65
65630,155,471,-316
65631,2304,250,2054
65632,966,160,806
65633,1204,93,1111
65634,133,119,14
65635,205,228,-23
65637,346,85,261
65638,254,449,-195
65640,265,65,200
65641,507,233,274
65644,727,295,432
65646,707,342,365
65647,1202,230,972
65648,2111,297,1814
65649,878,42,836
65650,583,533,50
65652,1343,109,1234
65653,2545,126,2419
65654,116,88,28
65655,1023,122,901
65656,1612,78,1534
65657,85,124,-39
65658,619,291,328
65660,134,969,-835
65661,897,709,188
65662,398,98,300
65663,880,512,368
65664,16,4981,-4965
65666,53,1249,-1196
65667,1080,310,770
65668,725,6094,-5369
65669,871,178,693
65672,3491,358,3133
65674,979,5192,-4213
65675,10,20,-10
65676,200,1069,-869
65679,1325,179,1146
65680,455,878,-423
65681,885,27,858
65682,773,357,416
65685,340,574,-234
65686,2157,42,2115
65688,28,711,-683
65689,2220,72,2148
65690,71,327,-256
65692,336,1407,-1071
65702,87,1924,-1837
65704,1596,103,1493
65705,1433,446,987
65706,6121,874,5247
65707,796,831,-35
65708,4887,432,4455
65710,443,61,382
65711,3207,10047,-6840
65712,3499,237,3262
65713,883,1337,-454
65714,12643,78,12565
65715,16,6578,-6562
65717,799,1521,-722
65720,269,358,-89
65721,12135,12,12123
65722,415,720,-305
65723,1114,187,927
65724,645,2586,-1941
65725,1104,202,902
65726,0,521,-521
65727,71,61,10
65728,13,1100,-1087
65729,84,139,-55
65730,9,935,-926
65731,78,396,-318
65732,401,4999,-4598
65733,274,99,175
65734,1210,1391,-181
65735,43,1416,-1373
65737,3057,80,2977
65738,7909,126,7783
65739,384,604,-220
65740,1268,1800,-532
65741,0,513,-513
65742,4965,41,4924
65744,24,105,-81
65745,924,90,834
65746,2863,817,2046
65747,1713,993,720
65752,199,143,56
65753,1849,1176,673
65754,232,97,135
65755,214,116,98
65756,321,1197,-876
65757,2847,630,2217
65759,385,172,213
65760,236,3063,-2827
65761,531,127,404
65762,162,108,54
65764,451,8642,-8191
65766,21,667,-646
65767,734,317,417
65768,134,571,-437
65769,1046,589,457
65770,1093,65,1028
65771,541,292,249
65772,879,3476,-2597
65773,212,316,-104
65774,436,65,371
65775,9943,133,9810
65777,76,2359,-2283
65778,195,151,44
65779,645,1265,-620
65781,3158,282,2876
65783,37,142,-105
65784,0,257,-257
65785,2290,226,2064
65786,633,29,604
65787,449,914,-465
65788,135,824,-689
65789,566,3271,-2705
65790,317,400,-83
65791,1496,10,1486
65793,2331,248,2083
65801,0,3748,-3748
65802,19169,542,18627
65803,18143,49,18094
65804,18992,5832,13160
65806,7673,37,7636
65807,27017,721,26296
65809,4665,13265,-8600
65810,9380,8032,1348
65897,18,5504,-5486
66002,4632,6863,-2231
66006,2760,11048,-8288
66007,3513,7581,-4068
66008,100,5226,-5126
66010,258,3359,-3101
66012,3660,8544,-4884
66013,816,18382,-17566
66014,190,8917,-8727
66015,327,6232,-5905
66016,207,2109,-1902
66017,144,9063,-8919
66018,2358,11091,-8733
66020,524,9687,-9163
66021,893,4282,-3389
66023,430,5581,-5151
66024,257,176,81
66025,2736,7447,-4711
66026,211,78,133
66027,1568,464,1104
66030,8552,3302,5250
66031,0,121,-121
66032,1908,3793,-1885
66033,360,0,360
66035,281,5247,-4966
66039,280,624,-344
66040,1493,52,1441
66041,374,1251,-877
66042,242,45,197
66043,3066,1429,1637
66044,11620,789,10831
66045,0,5362,-5362
66046,8221,156,8065
66047,8986,116,8870
66048,14077,345,13732
66049,14340,410,13930
66050,784,97,687
66052,735,114,621
66053,2899,200,2699
66054,1032,486,546
66056,666,207,459
66058,105,233,-128
66060,479,226,253
66061,22894,281,22613
66062,27740,80,27660
66064,2153,1224,929
66066,1037,5352,-4315
66067,6269,203,6066
66070,773,886,-113
66071,5322,0,5322
66072,490,186,304
66073,1032,20399,-19367
66075,910,3947,-3037
66076,864,582,282
66078,369,93,276
66079,281,83,198
66080,400,1956,-1556
66083,3816,491,3325
66085,3709,171,3538
66086,3783,285,3498
66087,866,168,698
66088,1074,629,445
66090,973,321,652
66091,199,988,-789
66092,1534,2573,-1039
66093,230,286,-56
66094,134,592,-458
66095,355,131,224
66097,468,1384,-916
66101,4904,394,4510
66102,10043,87,9956
66103,6163,715,5448
66104,9418,302,9116
66105,877,265,612
66106,8392,233,8159
66109,9566,145,9421
66111,3760,420,3340
66112,4884,1410,3474
66115,0,269,-269
66118,0,428,-428
66160,0,108,-108
66202,8474,268,8206
66203,7881,838,7043
66204,8582,1816,6766
66205,6294,294,6000
66206,4562,94,4468
66207,6194,77,6117
66208,9299,6061,3238
66209,8076,388,7688
66210,9021,379,8642
66211,2629,1112,1517
66212,14579,87,14492
66213,12750,175,12575
66214,5181,736,4445
66215,11240,89,11151
66216,9559,94,9465
66217,2553,31,2522
66218,2588,749,1839
66219,6598,282,6316
66220,2848,33,2815
66221,8085,140,7945
66223,9984,409,9575
66224,4626,171,4455
66226,4684,548,4136
66227,2926,459,2467
66251,7,181,-174
66401,733,69,664
66402,1145,10338,-9193
66403,272,10237,-9965
66404,142,1048,-906
66406,217,108,109
66407,135,173,-38
66408,129,72,57
66409,1635,25,1610
66411,525,283,242
66412,111,43,68
66413,805,225,580
66414,994,4,990
66415,268,63,205
66416,177,136,41
66417,182,71,111
66418,155,761,-606
66419,116,172,-56
66422,304,242,62
66423,337,468,-131
66424,211,1234,-1023
66425,252,153,99
66427,507,7892,-7385
66428,98,738,-640
66429,175,1331,-1156
66431,192,99,93
66432,172,968,-796
66434,1746,797,949
66436,2395,698,1697
66438,52,2072,-2020
66439,1010,309,701
66440,839,55,784
66441,10268,1768,8500
66442,4002,208,3794
66449,449,244,205
66451,583,35,548
66501,119,703,-584
66502,17645,626,17019
66503,6893,185,6708
66506,0,103,-103
66507,330,186,144
66508,1754,248,1506
66509,1002,212,790
66510,295,135,160
66512,1124,630,494
66514,690,190,500
66515,120,61,59
66516,117,122,-5
66517,683,168,515
66518,134,768,-634
66520,245,693,-448
66521,555,1106,-551
66522,65,153,-88
66523,1564,416,1148
66524,970,137,833
66526,309,9813,-9504
66527,70,206,-136
66528,266,315,-49
66531,664,99,565
66532,226,137,89
66533,649,78,571
66534,1578,29,1549
66535,1368,81,1287
66536,1140,100,1040
66537,471,116,355
66538,1309,120,1189
66539,1094,76,1018
66540,232,1059,-827
66541,112,147,-35
66542,1061,100,961
66543,443,302,141
66544,120,803,-683
66546,391,122,269
66547,2942,105,2837
66548,341,236,105
66549,612,294,318
66550,202,99,103
66552,215,332,-117
66554,253,162,91
66603,636,105,531
66604,10029,218,9811
66605,7926,114,7812
66606,4769,1679,3090
66607,3251,21,3230
66608,2117,151,1966
66609,2929,42,2887
66610,4339,51,4288
66611,4651,43,4608
66612,1283,1442,-159
66614,14567,1193,13374
66615,1423,144,1279
66616,2370,2266,104
66617,3338,89,3249
66618,3785,809,2976
66619,917,631,286
66621,0,1088,-1088
66622,0,57,-57
66701,4819,36,4783
66710,250,124,126
66711,267,2671,-2404
66712,764,748,16
66713,2063,311,1752
66714,61,178,-117
66716,189,65,124
66717,216,86,130
66720,4255,2523,1732
66724,366,109,257
66725,2083,238,1845
66732,75,239,-164
66733,917,144,773
66734,112,753,-641
66735,248,110,138
66736,1440,29,1411
66738,109,89,20
66739,2136,189,1947
66740,74,57,17
66741,84,1084,-1000
66742,17,1147,-1130
66743,1562,122,1440
66746,67,560,-493
66748,1135,220,915
66749,2873,982,1891
66751,307,211,96
66753,537,402,135
66754,124,90,34
66755,365,140,225
66756,447,195,252
66757,1297,9627,-8330
66758,73,530,-457
66760,0,418,-418
66761,90,1017,-927
66762,10029,51,9978
66763,1326,314,1012
66767,158,266,-108
66769,176,629,-453
66770,315,24,291
66771,368,154,214
66772,92,185,-93
66773,222,61,161
66775,66,326,-260
66776,595,11354,-10759
66777,221,178,43
66778,0,126,-126
66779,247,732,-485
66780,205,325,-120
66781,320,587,-267
66782,45,684,-639
66783,879,56,823
66801,11433,199,11234
66830,87,1098,-1011
66833,245,759,-514
66834,362,91,271
66835,442,163,279
66838,69,862,-793
66839,1509,392,1117
66840,219,544,-325
66842,183,53,130
66843,54,562,-508
66845,451,577,-126
66846,1290,2104,-814
66849,190,465,-275
66850,101,740,-639
66851,292,998,-706
66852,255,493,-238
66853,169,2840,-2671
66854,266,144,122
66856,669,7174,-6505
66857,475,978,-503
66858,149,1681,-1532
66859,84,277,-193
66860,554,49,505
66861,1316,230,1086
66862,54,48,6
66863,32,780,-748
66864,158,1680,-1522
66865,418,358,60
66866,649,9467,-8818
66868,303,2445,-2142
66869,292,4639,-4347
66870,53,18,35
66871,536,132,404
66872,427,491,-64
66873,97,179,-82
66901,2478,587,1891
66930,74,179,-105
66932,26,242,-216
66933,164,392,-228
66935,1039,5588,-4549
66936,140,849,-709
66937,330,12567,-12237
66938,491,3641,-3150
66939,180,354,-174
66940,164,296,-132
66941,58,732,-674
66942,88,191,-103
66943,204,355,-151
66944,111,219,-108
66945,360,947,-587
66946,96,571,-475
66948,185,256,-71
66949,229,141,88
66951,345,342,3
66952,195,43,152
66953,253,279,-26
66955,33,793,-760
66956,469,9235,-8766
66958,120,666,-546
66959,100,4823,-4723
66960,47,344,-297
66961,11,146,-135
66962,104,659,-555
66963,104,138,-34
66964,87,1140,-1053
66966,288,967,-679
66967,800,121,679
66968,631,133,498
66970,29,1334,-1305
67001,754,534,220
67002,5382,2038,3344
67003,962,371,591
67004,348,37,311
67005,6059,971,5088
67008,269,308,-39
67009,362,463,-101
67010,5578,9,5569
67012,6,744,-738
67013,1346,2664,-1318
67016,160,13816,-13656
67017,681,9580,-8899
67018,53,9282,-9229
67019,333,9009,-8676
67020,510,4925,-4415
67021,10,2772,-2762
67022,657,7986,-7329
67023,75,4338,-4263
67024,464,271,193
67025,1261,8165,-6904
67026,1655,9403,-7748
67028,99,3187,-3088
67029,491,3205,-2714
67030,875,3639,-2764
67031,873,9782,-8909
67035,358,6578,-6220
67036,59,9907,-9848
67037,11389,7389,4000
67038,259,6568,-6309
67039,1057,5826,-4769
67041,87,6084,-5997
67042,6421,3329,3092
67045,1284,12453,-11169
67047,310,8228,-7918
67049,20,4762,-4742
67050,724,9921,-9197
67051,155,4473,-4318
67052,2654,1252,1402
67053,195,9946,-9751
67054,498,3636,-3138
67055,39,2559,-2520
67056,1147,9810,-8663
67057,125,1797,-1672
67058,738,11220,-10482
67059,299,0,299
67060,5230,479,4751
67061,61,118,-57
67062,1731,115,1616
67063,1285,1889,-604
67065,119,223,-104
67066,165,43,122
67067,795,6029,-5234
67068,1885,398,1487
67070,391,161,230
67071,55,47,8
67072,175,157,18
67073,118,548,-430
67074,539,178,361
67101,2522,257,2265
67102,24,141,-117
67103,64,123,-59
67104,788,224,564
67105,69,105,-36
67106,171,51,120
67107,1081,83,998
67108,614,116,498
67109,154,154,0
67110,3204,186,3018
67111,94,308,-214
67112,108,396,-288
67114,8183,50,8133
67117,816,2764,-1948
67118,299,197,102
67119,549,166,383
67120,328,123,205
67122,85,136,-51
67123,343,466,-123
67124,3038,391,2647
67127,313,399,-86
67131,112,237,-125
67132,105,374,-269
67133,2364,191,2173
67134,139,141,-2
67135,1169,161,1008
67137,169,823,-654
67138,202,102,100
67140,393,431,-38
67142,127,96,31
67143,61,360,-299
67144,980,2239,-1259
67146,707,352,355
67147,3898,2240,1658
67149,367,126,241
67150,6,586,-580
67151,219,599,-380
67152,3322,191,3131
67154,651,1074,-423
67155,44,7,37
67156,5132,40,5092
67159,65,123,-58
67202,1200,412,788
67203,12899,220,12679
67204,8604,173,8431
67205,6825,893,5932
67206,7719,558,7161
67207,11072,1047,10025
67208,7213,71,7142
67209,5085,670,4415
67210,3097,230,2867
67211,8022,329,7693
67212,18369,25,18344
67213,8579,108,8471
67214,6216,102,6114
67215,2041,17,2024
67216,8516,247,8269
67217,11926,447,11479
67218,9915,72,9843
67219,4361,418,3943
67220,5422,1214,4208
67221,0,233,-233
67223,188,279,-91
67226,8241,316,7925
67227,77,3571,-3494
67228,741,189,552
67230,3877,126,3751
67232,254,252,2
67235,4867,105,4762
67260,0,136,-136
67301,5268,401,4867
67330,561,111,450
67332,54,590,-536
67333,1031,345,686
67334,29,153,-124
67335,1309,359,950
67336,561,290,271
67337,4491,499,3992
67340,152,541,-389
67341,185,142,43
67342,350,150,200
67344,257,3078,-2821
67345,56,254,-198
67346,129,140,-11
67347,174,76,98
67349,391,202,189
67351,154,61,93
67352,227,124,103
67353,187,215,-28
67354,242,449,-207
67355,66,28,38
67356,1046,47,999
67357,4793,1127,3666
67360,161,227,-66
67361,646,157,489
67363,56,1071,-1015
67364,105,60,45
67401,20683,152,20531
67410,4378,327,4051
67416,373,226,147
67417,60,437,-377
67418,62,171,-109
67420,1652,68,1584
67422,511,367,144
67423,87,165,-78
67425,205,1460,-1255
67427,179,562,-383
67428,514,217,297
67430,259,900,-641
67431,809,810,-1
67432,2525,3834,-1309
67436,218,11096,-10878
67437,416,5922,-5506
67438,87,7411,-7324
67439,1094,6387,-5293
67441,349,12464,-12115
67442,75,5818,-5743
67443,748,4321,-3573
67444,247,9428,-9181
67445,253,4498,-4245
67446,286,53,233
67447,141,15070,-14929
67448,402,219,183
67449,1336,434,902
67450,241,12182,-11941
67451,400,4188,-3788
67452,115,458,-343
67454,334,1907,-1573
67455,700,1570,-870
67456,1569,363,1206
67457,254,2791,-2537
67458,156,39,117
67459,131,215,-84
67460,6943,10880,-3937
67464,476,1225,-749
67466,309,277,32
67467,1118,119,999
67468,104,142,-38
67470,233,496,-263
67473,822,321,501
67474,95,261,-166
67475,52,391,-339
67476,14,545,-531
67478,43,214,-171
67480,613,1509,-896
67481,309,657,-348
67482,42,132,-90
67483,165,169,-4
67484,389,438,-49
67485,180,102,78
67487,549,797,-248
67490,385,593,-208
67491,126,492,-366
67492,78,671,-593
67501,9336,421,8915
67502,9929,295,9634
67505,1376,178,1198
67510,105,189,-84
67511,96,704,-608
67512,102,594,-492
67513,50,345,-295
67514,342,343,-1
67515,23,227,-204
67516,199,62,137
67518,13,295,-282
67519,86,105,-19
67520,119,477,-358
67521,63,2131,-2068
67522,727,484,243
67523,149,285,-136
67524,241,131,110
67525,382,368,14
67526,1002,672,330
67529,69,59,10
67530,7118,197,6921
67543,902,12281,-11379
67544,1241,277,964
67545,78,101,-23
67546,1022,841,181
67547,710,538,172
67548,713,565,148
67550,2070,362,1708
67552,341,89,252
67553,32,923,-891
67554,1750,70,1680
67556,82,171,-89
67557,267,238,29
67559,23,222,-199
67560,618,54,564
67561,527,239,288
67563,134,323,-189
67564,80,364,-284
67565,173,110,63
67566,477,811,-334
67567,251,716,-465
67568,92,1016,-924
67570,505,99,406
67572,173,514,-341
67573,65,52,13
67574,58,429,-371
67575,193,242,-49
67576,717,1050,-333
67578,445,263,182
67579,1026,259,767
67581,148,77,71
67583,421,253,168
67584,87,668,-581
67601,9960,182,9778
67621,121,60,61
67622,298,1161,-863
67623,76,14,62
67625,132,32,100
67626,123,354,-231
67627,35,25,10
67628,55,133,-78
67629,53,930,-877
67631,49,307,-258
67632,125,427,-302
67634,83,145,-62
67635,47,620,-573
67637,1118,232,886
67638,93,2061,-1968
67639,86,251,-165
67640,169,564,-395
67642,818,170,648
67643,99,1291,-1192
67644,89,265,-176
67645,231,745,-514
67646,372,676,-304
67647,67,573,-506
67648,259,82,177
67649,119,171,-52
67650,149,5189,-5040
67651,229,299,-70
67653,131,268,-137
67654,1262,1074,188
67656,72,414,-342
67657,121,567,-446
67658,37,454,-417
67659,29,815,-786
67660,28,77,-49
67661,1328,415,913
67663,1016,2266,-1250
67664,108,2065,-1957
67665,2098,54,2044
67667,78,316,-238
67669,792,755,37
67671,674,139,535
67672,1099,11272,-10173
67673,43,8718,-8675
67674,27,417,-390
67675,83,296,-213
67701,2511,208,2303
67730,796,450,346
67731,334,254,80
67732,201,72,129
67733,33,205,-172
67734,109,2039,-1930
67735,2003,192,1811
67736,69,40,29
67737,244,1884,-1640
67738,182,1008,-826
67739,115,445,-330
67740,689,489,200
67741,190,1635,-1445
67743,60,278,-218
67744,44,85,-41
67745,185,340,-155
67747,75,709,-634
67748,1045,173,872
67749,987,123,864
67751,105,237,-132
67752,654,681,-27
67753,232,25,207
67756,890,116,774
67757,171,1029,-858
67758,486,207,279
67761,96,289,-193
67762,95,281,-186
67764,142,98,44
67801,10049,7100,2949
67831,443,141,302
67834,432,6740,-6308
67835,948,0,948
67836,53,3844,-3791
67837,414,303,111
67838,319,645,-326
67839,467,304,163
67840,37,161,-124
67841,152,258,-106
67842,191,114,77
67843,65,248,-183
67844,304,118,186
67846,11810,47,11763
67849,136,1335,-1199
67850,194,447,-253
67851,974,491,483
67853,286,340,-54
67854,486,374,112
67855,729,835,-106
67857,42,146,-104
67859,255,102,153
67860,891,318,573
67861,782,1301,-519
67862,111,445,-334
67863,172,256,-84
67864,778,572,206
67865,412,173,239
67867,521,161,360
67868,59,28,31
67869,577,210,367
67870,455,859,-404
67871,2134,10650,-8516
67876,628,662,-34
67877,775,553,222
67878,702,45,657
67879,543,458,85
67880,2550,157,2393
67882,149,346,-197
67901,6886,468,6418
67950,616,192,424
67951,1595,104,1491
67952,176,545,-369
67953,42,156,-114
67954,293,413,-120
68001,16,53,-37
68002,1008,311,697
68003,1963,57,1906
68004,444,782,-338
68005,8917,189,8728
68007,5004,573,4431
68008,4895,195,4700
68010,15,403,-388
68014,141,216,-75
68015,462,93,369
68016,165,421,-256
68017,793,129,664
68018,163,60,103
68019,195,261,-66
68020,322,90,232
68022,10849,2823,8026
68023,1104,141,963
68025,12214,30,12184
68028,5625,46,5579
68029,332,704,-372
68030,281,508,-227
68031,634,247,387
68033,135,267,-132
68034,297,1513,-1216
68036,211,54,157
68037,993,429,564
68038,566,51,515
68039,268,288,-20
68040,142,564,-422
68041,427,11,416
68042,24,657,-633
68044,255,221,34
68045,774,104,670
68046,11159,179,10980
68047,690,99,591
68048,5117,44,5073
68050,231,97,134
68055,100,132,-32
68056,0,1097,-1097
68057,595,792,-197
68058,114,176,-62
68059,1345,108,1237
68061,908,265,643
68062,113,4031,-3918
68063,102,157,-55
68064,1764,626,1138
68065,507,757,-250
68066,2093,140,1953
68067,308,616,-308
68068,71,419,-348
68069,1304,85,1219
68070,395,65,330
68071,574,379,195
68072,82,165,-83
68073,863,179,684
68102,4840,205,4635
68104,15502,1119,14383
68105,9863,453,9410
68106,10117,24,10093
68107,9195,27,9168
68108,5400,220,5180
68110,3163,40,3123
68111,8490,281,8209
68112,4330,26,4304
68113,232,16,216
68114,8054,228,7826
68116,12354,366,11988
68117,3082,500,2582
68118,3414,74,3340
68122,4380,12564,-8184
68123,11956,434,11522
68124,6590,164,6426
68127,9666,280,9386
68128,7812,353,7459
68130,7980,190,7790
68131,6109,393,5716
68132,6063,155,5908
68133,5069,597,4472
68134,12782,2236,10546
68135,10315,220,10095
68136,6573,52,6521
68137,10337,163,10174
68138,4592,124,4468
68142,1932,34,1898
68144,10564,1815,8749
68147,4287,805,3482
68152,2794,140,2654
68154,9918,69,9849
68157,2047,535,1512
68164,12077,67,12010
68178,180,1412,-1232
68182,0,129,-129
68183,0,322,-322
68301,646,102,544
68303,126,292,-166
68304,122,198,-76
68305,1731,333,1398
68307,156,339,-183
68309,47,2602,-2555
68310,6160,544,5616
68313,262,432,-170
68314,146,278,-132
68315,34,11,23
68316,206,24,182
68317,767,3550,-2783
68318,172,376,-204
68319,207,691,-484
68320,163,283,-120
68321,154,132,22
68322,165,93,72
68323,103,264,-161
68324,27,151,-124
68325,58,19,39
68326,116,1788,-1672
68327,170,1151,-981
68328,161,127,34
68329,228,137,91
68330,20,127,-107
68331,369,72,297
68332,46,218,-172
68333,3002,67,2935
68335,215,48,167
68336,263,23,240
68337,156,73,83
68338,106,4401,-4295
68339,457,9,448
68340,354,100,254
68341,398,1006,-608
68342,280,11,269
68343,375,996,-621
68344,201,2963,-2762
68345,82,678,-596
68346,198,56,142
68347,896,4157,-3261
68348,120,1093,-973
68349,465,190,275
68350,100,237,-137
68351,364,576,-212
68352,2071,570,1501
68354,442,147,295
68355,2285,53,2232
68357,147,296,-149
68358,512,4,508
68359,604,49,555
68360,206,49,157
68361,893,747,146
68362,15,1461,-1446
68364,114,690,-576
68365,114,621,-507
68366,328,7602,-7274
68367,148,18,130
68368,177,115,62
68370,794,105,689
68371,542,17121,-16579
68372,1322,7905,-6583
68375,72,15398,-15326
68376,579,11056,-10477
68377,194,6181,-5987
68378,251,1607,-1356
68379,33,571,-538
68380,22,1361,-1339
68381,55,537,-482
68382,19,5792,-5773
68401,356,210,146
68402,405,805,-400
68403,103,692,-589
68404,439,870,-431
68405,1269,6292,-5023
68406,191,4680,-4489
68407,339,915,-576
68409,294,18,276
68410,3367,814,2553
68413,193,1379,-1186
68414,104,6343,-6239
68415,229,13775,-13546
68416,97,1447,-1350
68417,117,13175,-13058
68418,451,6379,-5928
68419,103,18683,-18580
68420,496,1061,-565
68421,340,11616,-11276
68422,259,4372,-4113
68423,423,1267,-844
68424,303,19476,-19173
68428,498,1431,-933
68429,43,192,-149
68430,695,1197,-502
68431,109,403,-294
68433,79,16,63
68434,3222,763,2459
68436,237,2517,-2280
68437,156,1512,-1356
68438,58,689,-631
68439,287,2904,-2617
68440,54,2648,-2594
68441,76,98,-22
68442,124,2485,-2361
68443,397,11671,-11274
68444,17,1740,-1723
68445,66,3437,-3371
68446,1184,9653,-8469
68447,251,16158,-15907
68448,149,6182,-6033
68450,925,9537,-8612
68452,37,13487,-13450
68453,131,15351,-15220
68454,279,5603,-5324
68455,267,11689,-11422
68456,510,11755,-11245
68457,197,7480,-7283
68458,77,5829,-5752
68460,256,8128,-7872
68461,315,7496,-7181
68462,1609,6264,-4655
68463,580,2924,-2344
68464,248,7423,-7175
68465,877,11073,-10196
68466,678,0,678
68467,3819,0,3819
68502,11476,16085,-4609
68503,6311,2524,3787
68504,7843,50,7793
68505,7264,1548,5716
68506,12703,1747,10956
68507,6511,1606,4905
68508,5580,2167,3413
68510,9128,3313,5815
68512,5630,3938,1692
68514,119,88,31
68516,18258,479,17779
68517,201,1582,-1381
68520,766,421,345
68521,14582,750,13832
68522,4275,1233,3042
68523,670,361,309
68524,2102,2698,-596
68526,2860,9771,-6911
68527,606,9152,-8546
68528,2458,10843,-8385
68531,75,914,-839
68532,215,2620,-2405
68588,0,2539,-2539
68601,11640,38,11602
68620,1169,1564,-395
68621,122,8610,-8488
68622,131,2614,-2483
68623,170,124,46
68624,360,3036,-2676
68626,246,200,46
68627,264,5303,-5039
68628,324,1594,-1270
68629,484,412,72
68631,139,8359,-8220
68632,1552,0,1552
68633,490,9832,-9342
68634,267,3109,-2842
68635,223,4808,-4585
68636,566,1964,-1398
68637,157,7361,-7204
68638,690,1863,-1173
68640,440,12256,-11816
68641,490,6497,-6007
68642,713,223,490
68643,392,2920,-2528
68644,287,7073,-6786
68647,302,1861,-1559
68648,138,153,-15
68649,813,3429,-2616
68651,459,3279,-2820
68652,296,4006,-3710
68653,260,2048,-1788
68654,227,3618,-3391
68655,38,9032,-8994
68658,278,1515,-1237
68659,80,1242,-1162
68660,454,9,445
68661,2211,4666,-2455
68662,453,473,-20
68663,419,9701,-9282
68664,112,473,-361
68665,288,1139,-851
68666,567,13632,-13065
68667,53,8165,-8112
68669,209,10041,-9832
68701,12624,2037,10587
68710,290,30,260
68711,44,214,-170
68713,946,218,728
68714,496,3076,-2580
68715,611,8038,-7427
68716,407,11474,-11067
68717,107,10479,-10372
68718,779,17634,-16855
68719,80,6364,-6284
68720,108,14087,-13979
68722,190,9725,-9535
68723,251,3770,-3519
68724,75,54,21
68725,252,924,-672
68726,259,1213,-954
68727,246,468,-222
68728,93,8892,-8799
68729,718,4617,-3899
68730,795,113,682
68731,1010,6833,-5823
68732,102,271,-169
68733,424,151,273
68734,47,4375,-4328
68735,362,6640,-6278
68736,272,881,-609
68739,1081,4097,-3016
68740,327,436,-109
68741,271,1022,-751
68742,93,2680,-2587
68743,195,352,-157
68745,606,6834,-6228
68746,184,221,-37
68747,56,5563,-5507
68748,839,131,708
68749,24,1491,-1467
68751,25,1463,-1438
68752,303,4138,-3835
68753,33,6206,-6173
68755,149,3920,-3771
68756,749,1528,-779
68757,309,99,210
68758,484,610,-126
68759,117,2356,-2239
68760,467,2743,-2276
68761,181,127,54
68763,1814,47,1767
68764,309,935,-626
68765,463,15078,-14615
68766,151,7016,-6865
68767,1362,14472,-13110
68768,266,11,255
68769,713,302,411
68770,625,1679,-1054
68771,561,6171,-5610
68773,88,45,43
68774,118,281,-163
68776,5300,7288,-1988
68777,249,4252,-4003
68778,232,2701,-2469
68779,856,91,765
68780,346,7215,-6869
68781,589,1235,-646
68783,330,1957,-1627
68784,609,6907,-6298
68785,95,13126,-13031
68786,347,13325,-12978
68787,2557,10206,-7649
68788,1875,6694,-4819
68789,34,4190,-4156
68790,391,409,-18
68791,762,340,422
68792,182,123,59
68801,10900,2899,8001
68803,10484,9172,1312
68810,339,220,119
68812,209,278,-69
68813,175,186,-11
68814,396,111,285
68815,285,94,191
68816,73,83,-10
68817,171,547,-376
68818,2203,189,2014
68820,136,3069,-2933
68821,43,2574,-2531
68822,2021,145,1876
68823,915,32,883
68824,615,799,-184
68825,428,1255,-827
68826,1446,62,1384
68827,251,1214,-963
68828,105,1438,-1333
68831,283,1711,-1428
68832,839,450,389
68833,76,463,-387
68834,87,811,-724
68835,256,824,-568
68836,660,178,482
68837,41,10419,-10378
68838,109,3752,-3643
68840,1134,2463,-1329
68841,224,3860,-3636
68842,241,7413,-7172
68843,292,1321,-1029
68844,107,1859,-1752
68845,8128,164,7964
68846,111,7304,-7193
68847,7121,499,6622
68849,0,1599,-1599
68850,3927,241,3686
68852,224,2097,-1873
68853,640,648,-8
68854,283,719,-436
68855,146,18209,-18063
68856,271,364,-93
68858,140,1395,-1255
68859,237,453,-216
68860,128,672,-544
68861,51,2238,-2187
68862,1211,153,1058
68863,551,13425,-12874
68864,418,4940,-4522
68865,371,544,-173
68866,420,85,335
68869,922,1979,-1057
68870,214,40,174
68871,109,1697,-1588
68872,357,599,-242
68873,1331,667,664
68874,309,369,-60
68875,226,386,-160
68876,691,3168,-2477
68878,178,809,-631
68879,155,128,27
68881,23,1404,-1381
68882,198,648,-450
68883,935,2699,-1764
68901,10708,339,10369
68920,607,347,260
68922,465,1246,-781
68923,33,6427,-6394
68924,560,5462,-4902
68925,198,12438,-12240
68926,230,1181,-951
68927,505,249,256
68928,143,89,54
68929,77,3939,-3862
68930,570,3649,-3079
68932,140,738,-598
68933,377,1767,-1390
68934,69,794,-725
68935,275,458,-183
68936,101,112,-11
68937,797,1090,-293
68938,233,7309,-7076
68939,442,66,376
68940,162,1508,-1346
68941,330,188,142
68942,134,8611,-8477
68943,95,9,86
68944,496,10324,-9828
68945,99,86,13
68946,23,10361,-10338
68947,269,12678,-12409
68948,174,6069,-5895
68949,2870,12830,-9960
68950,122,10866,-10744
68952,33,14707,-14674
68954,7,4594,-4587
68955,780,3867,-3087
68956,479,5366,-4887
68957,220,11093,-10873
68958,226,18618,-18392
68959,1563,11752,-10189
68960,84,3631,-3547
68961,286,1639,-1353
68964,23,6338,-6315
68966,206,0,206
68967,444,1842,-1398
68970,604,512,92
68971,150,220,-70
68972,89,4299,-4210
68973,175,401,-226
68974,112,321,-209
68975,43,765,-722
68976,72,601,-529
68977,89,3017,-2928
68978,994,286,708
68979,719,1454,-735
68980,161,589,-428
68981,104,775,-671
68982,249,654,-405
69001,3702,64,3638
69020,180,474,-294
69021,598,432,166
69022,740,810,-70
69023,137,1542,-1405
69024,449,139,310
69025,386,6772,-6386
69026,71,1688,-1617
69027,16,780,-764
69028,318,2702,-2384
69029,152,242,-90
69030,88,326,-238
69032,179,257,-78
69033,1038,612,426
69034,325,3979,-3654
69036,26,58,-32
69037,81,1197,-1116
69038,201,923,-722
69039,50,3991,-3941
69040,266,8007,-7741
69041,28,917,-889
69042,1,710,-709
69043,215,293,-78
69044,283,1475,-1192
69045,403,431,-28
69046,104,1247,-1143
69101,11901,1458,10443
69120,452,328,124
69121,128,770,-642
69122,282,947,-665
69123,340,600,-260
69125,118,969,-851
69127,334,2721,-2387
69128,161,2080,-1919
69129,553,81,472
69130,2133,2086,47
69131,331,3425,-3094
69132,41,2800,-2759
69133,174,6450,-6276
69134,158,10556,-10398
69135,4,12613,-12609
69138,1650,12050,-10400
69140,691,6579,-5888
69141,193,8371,-8178
69142,51,707,-656
69143,681,15313,-14632
69144,55,12400,-12345
69145,1158,6210,-5052
69146,171,10072,-9901
69147,243,4630,-4387
69148,71,5207,-5136
69149,301,8907,-8606
69150,153,9239,-9086
69151,344,13374,-13030
69152,329,0,329
69153,2786,509,2277
69154,516,8637,-8121
69155,397,1264,-867
69156,282,176,106
69157,54,2819,-2765
69161,44,640,-596
69162,3244,1375,1869
69163,358,605,-247
69165,701,2533,-1832
69166,260,100,160
69167,154,1365,-1211
69168,77,1598,-1521
69169,235,432,-197
69170,116,1000,-884
69171,0,3683,-3683
69201,1510,67,1443
69210,925,1232,-307
69211,159,505,-346
69212,157,9,148
69214,85,3410,-3325
69216,91,113,-22
69217,161,1861,-1700
69218,164,290,-126
69219,22,650,-628
69220,17,1397,-1380
69221,39,671,-632
69301,4096,3130,966
69331,30,404,-374
69333,77,609,-532
69334,846,971,-125
69335,19,4391,-4372
69336,934,11730,-10796
69337,2670,0,2670
69339,555,955,-400
69340,20,171,-151
69341,4245,516,3729
69343,974,18,956
69345,152,1218,-1066
69346,206,3625,-3419
69347,552,287,265
69348,516,13316,-12800
69350,177,7596,-7419
69351,73,5188,-5115
69352,276,7996,-7720
69353,32,5380,-5348
69354,63,7574,-7511
69355,61,41,20
69356,716,2695,-1979
69357,1507,333,1174
69358,940,486,454
69360,529,423,106
69361,7170,1446,5724
69365,0,2697,-2697
69366,110,333,-223
69367,112,340,-228
70001,17834,3589,14245
70002,8463,746,7717
70003,16232,86,16146
70005,11479,457,11022
70006,5814,1495,4319
70030,1399,3358,-1959
70031,514,2900,-2386
70032,1703,78,1625
70036,335,1109,-774
70037,5615,1526,4089
70038,13,4244,-4231
70039,806,676,130
70040,567,706,-139
70041,1062,1353,-291
70043,7795,229,7566
70047,4784,915,3869
70049,507,330,177
70050,14,12781,-12767
70051,602,783,-181
70052,1056,687,369
70053,7432,361,7071
70056,14112,594,13518
70057,1471,960,511
70058,14652,713,13939
70062,6152,2716,3436
70065,20207,505,19702
70067,1003,35,968
70068,11970,939,11031
70070,4975,0,4975
70071,1123,1770,-647
70072,20586,262,20324
70075,1721,2006,-285
70076,49,149,-100
70079,1128,254,874
70080,339,2642,-2303
70082,110,34,76
70083,753,1051,-298
70084,2220,66,2154
70085,1569,359,1210
70086,714,2032,-1318
70087,2650,2484,166
70090,2797,1034,1763
70091,81,652,-571
70092,2508,1624,884
70094,11995,577,11418
70112,2205,95,2110
70113,3748,76,3672
70114,9622,153,9469
70115,14437,1044,13393
70116,5730,878,4852
70117,12145,453,11692
70118,12880,1489,11391
70119,16864,1626,15238
70121,5625,561,5064
70122,14939,705,14234
70123,12619,222,12397
70124,7867,8766,-899
70125,6515,446,6069
70126,10691,3638,7053
70127,9714,416,9298
70128,7917,24,7893
70129,3067,932,2135
70130,7268,118,7150
70131,10847,432,10415
70139,0,10640,-10640
70148,130,2980,-2850
70163,0,1042,-1042
70301,17614,426,17188
70310,0,3195,-3195
70339,2119,1112,1007
70340,46,191,-145
70341,1458,1911,-453
70342,1775,335,1440
70343,1839,1175,664
70344,2138,98,2040
70345,3661,178,3483
70346,3720,223,3497
70352,116,280,-164
70353,346,240,106
70354,1761,3979,-2218
70355,422,838,-416
70356,730,2036,-1306
70357,1088,6255,-5167
70358,414,6379,-5965
70359,3598,13146,-9548
70360,11213,218,10995
70363,9433,340,9093
70364,10680,5211,5469
70372,954,1364,-410
70373,2368,2560,-192
70374,2494,1401,1093
70375,51,248,-197
70377,1353,613,740
70380,8251,404,7847
70390,2628,2511,117
70391,92,795,-703
70392,2909,65,2844
70393,38,479,-441
70394,5620,2133,3487
70395,1641,1890,-249
70397,323,6072,-5749
70401,7632,274,7358
70402,0,46,-46
70403,11266,318,10948
70420,2933,133,2800
70422,4787,63,4724
70426,2140,289,1851
70427,6910,2298,4612
70431,2028,25,2003
70433,15989,2902,13087
70435,7525,525,7000
70436,175,3768,-3593
70437,3057,325,2732
70438,7698,962,6736
70441,2187,288,1899
70442,109,71,38
70443,2724,8390,-5666
70444,3835,0,3835
70445,3977,1156,2821
70446,2354,36,2318
70447,5557,188,5369
70448,9590,264,9326
70449,1233,494,739
70450,1117,12833,-11716
70451,79,754,-675
70452,4788,2296,2492
70453,318,1608,-1290
70454,12167,1359,10808
70455,699,104,595
70456,946,424,522
70457,0,888,-888
70458,15246,413,14833
70460,7896,406,7490
70461,11795,6535,5260
70462,1969,178,1791
70463,57,244,-187
70464,68,970,-902
70465,152,565,-413
70466,3453,902,2551
70471,8630,955,7675
70501,11037,287,10750
70503,11730,1355,10375
70506,17938,4,17934
70507,6964,6357,607
70508,16263,57,16206
70510,9606,3495,6111
70512,3801,35,3766
70513,68,265,-197
70514,751,429,322
70515,1080,315,765
70516,388,3701,-3313
70517,9638,773,8865
70518,5733,504,5229
70519,67,484,-417
70520,7765,1257,6508
70522,74,2030,-1956
70523,217,383,-166
70524,114,144,-30
70525,5222,315,4907
70526,6737,715,6022
70528,900,818,82
70529,5520,1046,4474
70531,770,311,459
70532,1088,977,111
70533,2565,3726,-1161
70534,214,121,93
70535,6356,14055,-7699
70537,174,204,-30
70538,4887,2391,2496
70541,387,859,-472
70542,1186,202,984
70543,1498,1109,389
70544,3865,666,3199
70546,6126,293,5833
70548,3548,86,3462
70549,1215,221,994
70550,0,11499,-11499
70551,197,7839,-7642
70552,367,18813,-18446
70554,2084,1263,821
70555,2867,87,2780
70556,358,5591,-5233
70558,24,1777,-1753
70559,897,501,396
70560,14261,332,13929
70563,7852,862,6990
70570,14304,657,13647
70575,0,888,-888
70576,351,1718,-1367
70577,1570,268,1302
70578,6200,558,5642
70580,85,865,-780
70581,267,383,-116
70582,7609,40,7569
70583,3926,5883,-1957
70584,2473,664,1809
70585,123,1313,-1190
70586,7333,976,6357
70589,1120,326,794
70591,1658,590,1068
70592,9161,433,8728
70601,13469,351,13118
70605,15508,1380,14128
70607,10538,114,10424
70609,0,1660,-1660
70611,7700,132,7568
70615,4418,373,4045
70629,0,225,-225
70630,668,117,551
70631,126,428,-302
70632,199,21,178
70633,2344,0,2344
70634,9727,172,9555
70637,388,4898,-4510
70638,277,379,-102
70639,126,432,-306
70640,116,44,72
70643,123,1186,-1063
70644,221,2191,-1970
70645,353,2435,-2082
70646,114,1502,-1388
70647,3772,4619,-847
70648,2550,744,1806
70650,66,33,33
70651,62,10034,-9972
70652,551,1238,-687
70653,1320,338,982
70654,36,9074,-9038
70655,945,1659,-714
70656,1250,1618,-368
70657,1744,5846,-4102
70658,239,12734,-12495
70659,529,1476,-947
70660,652,186,466
70661,572,151,421
70662,126,626,-500
70663,10891,850,10041
70665,4203,259,3944
70668,2188,2809,-621
70669,3573,11682,-8109
70706,7349,17316,-9967
70710,2228,0,2228
70711,1815,378,1437
70712,131,17,114
70714,6369,41,6328
70715,401,928,-527
70719,1340,1333,7
70721,212,623,-411
70722,2075,2232,-157
70723,398,356,42
70725,616,525,91
70726,20141,1782,18359
70729,241,318,-77
70730,1309,26,1283
70732,413,271,142
70733,480,343,137
70734,2954,446,2508
70736,215,5758,-5543
70737,17603,25,17578
70739,4710,187,4523
70740,403,62,341
70743,190,652,-462
70744,1924,1103,821
70747,172,1809,-1637
70748,1682,1280,402
70749,613,203,410
70750,540,739,-199
70752,263,746,-483
70753,270,216,54
70754,4484,404,4080
70755,604,65,539
70756,188,15161,-14973
70757,1240,306,934
70759,622,290,332
70760,2621,3196,-575
70761,240,832,-592
70762,294,84,210
70763,1658,505,1153
70764,5923,101,5822
70767,5984,4040,1944
70769,16270,869,15401
70770,1387,1396,-9
70772,411,0,411
70773,73,1362,-1289
70774,3589,935,2654
70775,3560,5025,-1465
70776,1403,8420,-7017
70777,1583,2256,-673
70778,1181,136,1045
70780,403,13,390
70782,48,4653,-4605
70783,956,505,451
70785,7731,3872,3859
70786,0,8221,-8221
70787,113,5075,-4962
70788,1486,9427,-7941
70789,323,4873,-4550
70791,10815,9290,1525
70801,189,0,189
70802,10088,12424,-2336
70803,0,1065,-1065
70805,8955,402,8553
70806,12499,170,12329
70807,5348,403,4945
70808,15472,1426,14046
70809,11832,727,11105
70810,16214,319,15895
70811,4615,455,4160
70812,3697,175,3522
70813,0,1766,-1766
70814,4360,1145,3215
70815,10540,179,10361
70816,17452,1076,16376
70817,13399,733,12666
70818,3324,830,2494
70819,1335,122,1213
70820,7816,97,7719
70825,0,289,-289
70836,241,1061,-820
71001,1756,13321,-11565
71002,92,0,92
71003,437,4430,-3993
71004,202,143,59
71006,5403,1001,4402
71007,527,180,347
71008,207,580,-373
71009,44,4485,-4441
71016,626,15,611
71018,470,125,345
71019,2672,681,1991
71021,264,166,98
71023,1255,61,1194
71024,497,88,409
71027,524,3486,-2962
71028,555,116,439
71029,63,2979,-2916
71030,394,136,258
71031,311,11,300
71032,883,602,281
71033,1642,5431,-3789
71034,105,12394,-12289
71037,7622,10017,-2395
71038,1651,9687,-8036
71039,593,4840,-4247
71040,2274,11844,-9570
71043,184,6005,-5821
71044,307,9116,-8809
71045,240,5018,-4778
71046,372,7605,-7233
71047,3849,5384,-1535
71048,84,9905,-9821
71049,1363,58,1305
71051,996,9321,-8325
71052,3603,63,3540
71055,7359,34,7325
71060,1049,142,907
71061,716,893,-177
71063,309,19,290
71064,1249,792,457
71065,402,494,-92
71066,13,8,5
71067,1089,14,1075
71068,1569,244,1325
71069,235,1047,-812
71070,454,34,420
71071,946,249,697
71072,605,5860,-5255
71073,906,31,875
71075,2330,60,2270
71078,2621,37,2584
71079,35,131,-96
71082,1922,1892,30
71101,3338,282,3056
71103,2225,334,1891
71104,5768,1159,4609
71105,9643,449,9194
71106,12373,261,12112
71107,12007,74,11933
71108,7093,905,6188
71109,7149,1128,6021
71110,1042,495,547
71111,16339,261,16078
71112,12362,2272,10090
71115,6568,5554,1014
71118,8920,1234,7686
71119,4500,1133,3367
71129,5654,53,5601
71201,8900,554,8346
71202,8838,2998,5840
71203,14326,805,13521
71209,0,609,-609
71212,0,383,-383
71218,0,640,-640
71219,388,24,364
71220,7421,56,7365
71222,1144,0,1144
71223,147,371,-224
71225,2721,700,2021
71226,721,110,611
71227,1553,3397,-1844
71229,540,174,366
71230,0,290,-290
71232,2166,337,1829
71233,56,4925,-4869
71234,1310,21195,-19885
71235,1691,8648,-6957
71237,420,226,194
71238,929,887,42
71241,2998,264,2734
71242,6,257,-251
71243,68,211,-143
71245,1644,429,1215
71247,470,2344,-1874
71250,22,1476,-1454
71251,2634,718,1916
71253,198,149,49
71254,2040,2251,-211
71256,275,40,235
71259,769,173,596
71260,1144,96,1048
71261,636,81,555
71263,2521,30,2491
71264,456,165,291
71266,600,150,450
71268,1070,176,894
71269,4261,2326,1935
71270,11984,1146,10838
71272,0,830,-830
71275,1252,244,1008
71276,26,313,-287
71277,665,1199,-534
71279,56,908,-852
71280,1704,82,1622
71282,2826,37,2789
71286,131,1845,-1714
71291,13793,1210,12583
71292,7899,690,7209
71295,5062,38,5024
71301,7572,735,6837
71302,5171,124,5047
71303,8709,14192,-5483
71316,29,79,-50
71320,79,2202,-2123
71322,2209,5135,-2926
71323,312,281,31
71325,655,87,568
71326,305,297,8
71327,1344,552,792
71328,2886,275,2611
71330,29,1448,-1419
71331,395,181,214
71333,239,30,209
71334,3032,565,2467
71336,653,0,653
71339,7,445,-438
71340,391,71,320
71341,1077,463,614
71342,2467,3607,-1140
71343,2391,1072,1319
71345,55,2647,-2592
71346,878,111,767
71350,1565,684,881
71351,4578,512,4066
71353,597,9944,-9347
71354,469,1239,-770
71355,987,911,76
71356,236,18,218
71357,596,216,380
71358,449,1022,-573
71359,0,147,-147
71360,13519,1885,11634
71362,774,171,603
71366,640,420,220
71367,647,172,475
71368,426,51,375
71369,935,205,730
71371,682,16,666
71373,2217,2191,26
71375,266,712,-446
71378,866,187,679
71401,17,818,-801
71403,1494,167,1327
71404,223,680,-457
71405,2067,125,1942
71406,29,242,-213
71407,375,168,207
71409,1986,62,1924
71410,25,60,-35
71411,1312,1437,-125
71414,98,4987,-4889
71415,122,276,-154
71416,313,143,170
71417,1790,381,1409
71418,1911,23,1888
71419,629,1341,-712
71422,598,71,527
71423,1413,1444,-31
71424,468,3752,-3284
71425,10,449,-439
71426,42,979,-937
71427,93,248,-155
71428,0,366,-366
71429,1262,241,1021
71430,1066,163,903
71432,404,745,-341
71433,1371,186,1185
71434,8,127,-119
71435,1312,131,1181
71438,519,67,452
71439,667,1694,-1027
71441,341,285,56
71446,8259,184,8075
71447,493,458,35
71449,3199,408,2791
71450,420,596,-176
71452,93,233,-140
71454,839,94,745
71455,82,101,-19
71456,464,12149,-11685
71457,9119,684,8435
71459,3189,4102,-913
71461,995,83,912
71462,674,961,-287
71463,2862,264,2598
71465,1050,251,799
71466,244,688,-444
71467,1840,369,1471
71468,306,214,92
71469,836,106,730
71472,82,1985,-1903
71473,158,2006,-1848
71474,147,647,-500
71475,2,2012,-2010
71479,243,1375,-1132
71480,224,38,186
71483,3235,2537,698
71485,1000,264,736
71486,1907,190,1717
71497,230,1123,-893
71601,4859,887,3972
71602,5711,1017,4694
71603,11659,660,10999
71630,189,250,-61
71631,238,1827,-1589
71635,4184,566,3618
71638,1143,12780,-11637
71639,2318,214,2104
71640,1175,736,439
71642,271,231,40
71643,478,166,312
71644,223,1097,-874
71646,2319,146,2173
71647,647,110,537
71651,28,259,-231
71652,356,57,299
71653,1745,34,1711
71654,1813,139,1674
71655,5716,523,5193
71658,208,201,7
71659,11,32,-21
71660,343,391,-48
71661,98,75,23
71662,24,67,-43
71663,231,519,-288
71665,1871,96,1775
71666,8,2704,-2696
71667,2523,15642,-13119
71670,507,13270,-12763
71671,2912,8538,-5626
71674,243,15153,-14910
71675,768,4570,-3802
71676,196,6694,-6498
71677,51,351,-300
71678,0,581,-581
71701,6560,3261,3299
71720,883,150,733
71721,0,982,-982
71722,25,2213,-2188
71724,137,56,81
71725,140,2893,-2753
71726,500,1752,-1252
71728,24,2451,-2427
71730,11034,2068,8966
71740,417,974,-557
71742,1501,189,1312
71743,1284,3607,-2323
71744,1054,171,883
71745,47,1774,-1727
71747,365,4179,-3814
71748,31,43,-12
71749,1312,20,1292
71751,327,2106,-1779
71752,303,208,95
71753,5540,2862,2678
71758,59,14596,-14537
71759,165,12021,-11856
71762,1112,108,1004
71763,577,7613,-7036
71764,520,12064,-11544
71765,941,16987,-16046
71766,180,532,-352
71770,1188,506,682
71772,7,394,-387
71801,5740,2387,3353
71820,38,220,-182
71822,3154,6385,-3231
71823,18,8020,-8002
71825,125,636,-511
71826,395,2313,-1918
71827,350,645,-295
71831,21,11,10
71832,3521,48,3473
71833,806,61,745
71834,555,5761,-5206
71835,355,528,-173
71836,1071,1327,-256
71837,1541,4104,-2563
71838,446,390,56
71839,226,3061,-2835
71841,288,50,238
71842,781,23,758
71845,697,811,-114
71846,904,145,759
71847,165,463,-298
71851,843,891,-48
71852,3935,432,3503
71853,144,1493,-1349
71854,13918,1047,12871
71855,138,204,-66
71857,1895,93,1802
71858,699,787,-88
71859,195,276,-81
71860,822,2258,-1436
71861,717,232,485
71862,290,535,-245
71864,23,1100,-1077
71865,114,118,-4
71866,232,590,-358
71901,11829,532,11297
71909,9027,8637,390
71913,19744,11272,8472
71921,1165,7250,-6085
71922,67,5754,-5687
71923,5887,2687,3200
71929,1715,4909,-3194
71933,507,1880,-1373
71935,279,213,66
71937,862,3351,-2489
71940,639,303,336
71941,808,126,682
71942,51,729,-678
71943,1625,1517,108
71944,263,419,-156
71945,621,213,408
71949,477,5298,-4821
71950,249,1433,-1184
71952,17,582,-565
71953,5377,758,4619
71956,632,2124,-1492
71957,1312,975,337
71958,991,1105,-114
71959,203,151,52
71960,539,1529,-990
71961,446,1772,-1326
71962,321,180,141
71964,2002,3896,-1894
71965,116,203,-87
71968,1998,509,1489
71969,147,966,-819
71970,244,109,135
71971,221,12790,-12569
71972,122,2877,-2755
71973,570,1166,-596
71998,0,385,-385
71999,0,7968,-7968
72001,292,262,30
72002,7044,3112,3932
72003,286,1433,-1147
72004,297,685,-388
72005,43,7493,-7450
72006,969,494,475
72007,3207,6057,-2850
72010,2222,190,2032
72011,1649,9052,-7403
72012,4800,16640,-11840
72013,860,527,333
72014,16,1154,-1138
72015,10815,604,10211
72016,979,637,342
72017,214,7999,-7785
72019,10743,0,10743
72020,1252,7733,-6481
72021,1476,162,1314
72022,7135,225,6910
72023,13635,3712,9923
72024,1567,4118,-2551
72025,310,573,-263
72026,65,1271,-1206
72027,587,697,-110
72028,0,1613,-1613
72029,639,115,524
72030,396,165,231
72031,2662,14477,-11815
72032,12940,6597,6343
72034,19259,868,18391
72035,0,780,-780
72036,269,180,89
72038,53,408,-355
72039,835,65,770
72040,993,7391,-6398
72041,525,3860,-3335
72042,2059,1186,873
72044,440,797,-357
72045,509,2008,-1499
72046,1636,9,1627
72047,323,2618,-2295
72048,18,2391,-2373
72051,151,274,-123
72052,38,1539,-1501
72053,62,3655,-3593
72055,261,235,26
72057,479,901,-422
72058,6484,181,6303
72059,27,1011,-984
72060,257,703,-446
72061,37,611,-574
72063,714,257,457
72064,1018,7347,-6329
72065,1963,2333,-370
72066,52,129,-77
72067,1253,870,383
72068,307,3787,-3480
72069,484,9970,-9486
72070,713,14926,-14213
72072,140,15556,-15416
72073,294,257,37
72074,39,372,-333
72075,1,3575,-3574
72076,15490,2939,12551
72079,165,2769,-2604
72080,199,226,-27
72081,2822,3473,-651
72082,821,1002,-181
72083,87,2616,-2529
72084,373,3094,-2721
72085,113,4315,-4202
72086,4348,404,3944
72087,639,367,272
72088,1383,1021,362
72099,0,761,-761
72101,1249,5020,-3771
72102,1130,49,1081
72103,5248,1739,3509
72104,8223,21528,-13305
72106,2120,960,1160
72107,21,2487,-2466
72108,0,800,-800
72110,4684,2574,2110
72111,464,4352,-3888
72112,3771,10997,-7226
72113,11348,4803,6545
72114,4849,7145,-2296
72116,9388,14475,-5087
72117,5465,4733,732
72118,8992,14857,-5865
72119,0,6988,-6988
72120,13654,7914,5740
72121,1201,4536,-3335
72122,440,2332,-1892
72123,129,6343,-6214
72125,306,10194,-9888
72126,1330,17326,-15996
72127,950,1362,-412
72128,274,5412,-5138
72129,457,8870,-8413
72130,140,1325,-1185
72131,1831,6582,-4751
72132,1256,7630,-6374
72133,12,1178,-1166
72134,238,11074,-10836
72135,1376,2042,-666
72136,769,7338,-6569
72137,799,7214,-6415
72139,118,1116,-998
72140,106,4414,-4308
72141,171,493,-322
72142,933,1809,-876
72143,12595,1675,10920
72150,4767,522,4245
72152,264,11567,-11303
72153,1280,19734,-18454
72156,230,11677,-11447
72157,478,2192,-1714
72160,3546,677,2869
72165,28,12892,-12864
72166,73,426,-353
72167,566,1088,-522
72168,72,12816,-12744
72169,34,41,-7
72170,135,521,-386
72173,3522,322,3200
72175,148,988,-840
72176,3183,205,2978
72178,17,20,-3
72179,140,1381,-1241
72180,20,2867,-2847
72181,6,125,-119
72182,81,109,-28
72183,0,266,-266
72199,0,1168,-1168
72201,553,59,494
72202,5219,2936,2283
72204,12219,495,11724
72205,10422,2065,8357
72206,8300,1337,6963
72207,5329,485,4844
72209,11739,196,11543
72210,6197,271,5926
72211,10803,794,10009
72212,5111,354,4757
72223,10790,429,10361
72227,5032,1761,3271
72301,9796,375,9421
72311,36,1350,-1314
72313,0,367,-367
72315,7927,73,7854
72320,30,334,-304
72322,17,7168,-7151
72324,878,1392,-514
72325,3,19677,-19674
72326,946,9391,-8445
72327,561,51,510
72328,16,8531,-8515
72329,0,845,-845
72330,172,1584,-1412
72331,929,221,708
72332,46,1995,-1949
72333,165,173,-8
72335,5424,139,5285
72338,14,285,-271
72339,74,11366,-11292
72340,42,284,-242
72341,92,1781,-1689
72342,1626,98,1528
72346,209,183,26
72347,319,1087,-768
72348,1007,1646,-639
72350,405,664,-259
72351,300,68,232
72352,5,436,-431
72353,13,611,-598
72354,866,217,649
72355,816,174,642
72358,487,960,-473
72359,153,34,119
72360,1975,464,1511
72364,5792,17,5775
72365,996,1403,-407
72366,849,88,761
72367,0,66,-66
72368,441,143,298
72369,0,295,-295
72370,2829,234,2595
72372,668,274,394
72373,368,230,138
72374,260,393,-133
72376,584,683,-99
72377,23,279,-256
72379,6,469,-463
72383,44,243,-199
72384,277,421,-144
72386,616,71,545
72387,0,1413,-1413
72389,190,965,-775
72390,2473,3581,-1108
72391,18,472,-454
72392,171,102,69
72394,104,778,-674
72395,515,264,251
72396,4748,400,4348
72401,16785,193,16592
72404,11396,661,10735
72405,5950,1382,4568
72410,135,63,72
72411,1058,277,781
72412,204,341,-137
72413,245,67,178
72414,142,5262,-5120
72415,398,529,-131
72416,1973,114,1859
72417,2018,295,1723
72419,690,291,399
72421,143,1619,-1476
72422,1799,364,1435
72424,34,360,-326
72425,132,110,22
72426,68,81,-13
72427,22,150,-128
72428,53,178,-125
72429,122,2030,-1908
72430,182,457,-275
72431,167,462,-295
72432,2290,51,2239
72433,1053,240,813
72434,847,673,174
72435,161,136,25
72436,342,8943,-8601
72437,1313,11902,-10589
72438,930,0,930
72440,80,188,-108
72441,16,2676,-2660
72442,1702,275,1427
72443,1323,22,1301
72444,656,116,540
72445,17,191,-174
72447,737,461,276
72449,64,237,-173
72450,15127,61,15066
72453,66,829,-763
72454,2039,240,1799
72455,5178,323,4855
72456,218,98,120
72457,99,69,30
72458,195,307,-112
72459,596,243,353
72460,331,152,179
72461,1508,1426,82
72462,163,453,-290
72464,7,130,-123
72466,402,327,75
72467,41,1594,-1553
72469,470,54,416
72470,102,89,13
72471,390,4,386
72472,3799,112,3687
72473,908,193,715
72476,2821,2616,205
72478,101,197,-96
72479,506,436,70
72482,511,354,157
72501,9852,115,9737
72512,873,75,798
72513,1103,74,1029
72515,0,659,-659
72517,102,182,-80
72519,936,203,733
72520,263,854,-591
72521,1904,620,1284
72522,194,62,132
72523,426,485,-59
72524,177,541,-364
72526,34,212,-178
72527,201,1746,-1545
72528,153,698,-545
72529,2002,5802,-3800
72530,622,434,188
72531,271,745,-474
72532,426,125,301
72533,133,219,-86
72534,594,314,280
72536,118,182,-64
72537,355,177,178
72538,327,410,-83
72539,129,95,34
72540,35,800,-765
72542,1558,17,1541
72543,5329,795,4534
72544,384,153,231
72546,32,50,-18
72550,296,235,61
72553,76,665,-589
72554,1035,606,429
72555,138,565,-427
72556,1296,41,1255
72560,3175,252,2923
72561,208,823,-615
72562,957,735,222
72564,139,69,70
72565,306,238,68
72566,199,522,-323
72567,88,4392,-4304
72568,432,163,269
72569,210,1153,-943
72571,193,31,162
72572,147,213,-66
72573,133,573,-440
72576,1333,583,750
72577,339,373,-34
72578,80,145,-65
72579,549,882,-333
72581,585,6046,-5461
72583,595,10998,-10403
72584,92,8197,-8105
72585,100,4224,-4124
72587,6,9398,-9392
72601,12270,20566,-8296
72611,641,12448,-11807
72615,13,3492,-3479
72616,3831,2179,1652
72617,80,10873,-10793
72619,766,6724,-5958
72623,295,2829,-2534
72624,123,6663,-6540
72626,749,783,-34
72628,405,4405,-4000
72629,215,434,-219
72630,55,346,-291
72631,2025,614,1411
72632,2070,2119,-49
72633,790,1287,-497
72634,1724,853,871
72635,1415,3273,-1858
72636,5,63,-58
72638,2588,1291,1297
72639,233,2317,-2084
72640,237,5336,-5099
72641,831,874,-43
72642,1011,1308,-297
72644,1028,745,283
72645,652,242,410
72648,114,2721,-2607
72650,1683,196,1487
72651,571,64,507
72653,13065,2331,10734
72655,191,2336,-2145
72658,575,126,449
72660,273,866,-593
72661,377,440,-63
72662,1042,1534,-492
72663,98,321,-223
72666,64,13632,-13568
72668,109,2346,-2237
72669,42,1660,-1618
72670,49,1928,-1879
72672,108,240,-132
72675,559,783,-224
72677,254,386,-132
72679,9,11653,-11644
72680,341,11692,-11351
72682,53,22,31
72683,146,5310,-5164
72685,468,42,426
72686,73,687,-614
72687,2933,2030,903
72701,17206,11442,5764
72703,15642,10178,5464
72704,11967,0,11967
72712,13964,1820,12144
72713,8231,1056,7175
72714,5486,593,4893
72715,7067,47,7020
72717,495,413,82
72718,1601,247,1354
72719,5780,889,4891
72721,236,84,152
72722,1034,5451,-4417
72727,2541,12996,-10455
72729,98,6659,-6561
72730,3597,8113,-4516
72732,2043,2604,-561
72734,3398,5092,-1694
72736,2493,9225,-6732
72738,779,7193,-6414
72739,215,8240,-8025
72740,3257,1537,1720
72742,265,79,186
72744,1783,2538,-755
72745,4640,2404,2236
72747,46,3810,-3764
72749,65,7232,-7167
72751,3052,4613,-1561
72752,119,7234,-7115
72753,3640,782,2858
72756,15360,1181,14179
72758,15243,2902,12341
72760,108,19170,-19062
72761,7562,5696,1866
72762,14821,9871,4950
72764,19337,13765,5572
72768,450,10588,-10138
72769,440,7733,-7293
72773,530,5522,-4992
72774,2584,4588,-2004
72776,322,1064,-742
72801,6222,3011,3211
72802,8726,646,8080
72821,675,439,236
72823,2299,1960,339
72824,676,1931,-1255
72826,1,922,-921
72827,75,101,-26
72828,65,1108,-1043
72829,0,1186,-1186
72830,6147,6128,19
72832,325,3006,-2681
72833,1225,910,315
72834,3593,139,3454
72835,316,353,-37
72837,3145,2684,461
72838,102,7007,-6905
72839,192,76,116
72840,801,230,571
72841,93,50,43
72842,411,6581,-6170
72843,843,1045,-202
72845,357,650,-293
72846,1422,1813,-391
72847,1121,611,510
72851,300,205,95
72852,65,15,50
72853,950,774,176
72854,238,1411,-1173
72855,2433,7045,-4612
72856,104,12362,-12258
72857,619,1878,-1259
72858,1188,293,895
72860,49,397,-348
72863,619,355,264
72865,481,3783,-3302
72901,9046,442,8604
72903,11024,391,10633
72904,7848,5072,2776
72905,0,231,-231
72908,5875,353,5522
72916,4292,4144,148
72921,4586,3493,1093
72923,2048,1149,899
72926,260,1688,-1428
72927,3067,3808,-741
72928,340,85,255
72930,112,1830,-1718
72932,647,438,209
72933,2029,1104,925
72934,507,204,303
72935,231,6821,-6590
72936,5547,675,4872
72937,1405,1708,-303
72938,504,149,355
72940,584,1043,-459
72941,1875,1105,770
72943,992,82,910
72944,1072,222,850
72945,174,39,135
72946,1249,38,1211
72947,1293,106,1187
72948,64,2896,-2832
72949,3953,104,3849
72950,275,10722,-10447
72951,317,6105,-5788
72952,943,105,838
72955,132,798,-666
72956,13296,588,12708
72958,2699,629,2070
72959,1172,223,949
73001,20,0,20
73002,381,11755,-11374
73003,9176,100,9076
73004,326,99,227
73005,2958,2481,477
73006,1068,3761,-2693
73007,1074,101,973
73008,8023,73,7950
73009,380,362,18
73010,6640,306,6334
73011,232,125,107
73012,14450,85,14365
73013,20754,797,19957
73014,434,1641,-1207
73015,937,86,851
73016,702,173,529
73017,498,333,165
73018,7782,1284,6498
73019,0,48,-48
73020,8983,371,8612
73021,107,493,-386
73022,0,889,-889
73024,220,280,-60
73025,5068,150,4918
73026,4165,190,3975
73027,560,202,358
73028,1537,258,1279
73029,518,850,-332
73030,1566,295,1271
73031,21,895,-874
73032,78,270,-192
73033,140,91,49
73034,16712,254,16458
73036,7107,437,6670
73038,642,1416,-774
73040,623,285,338
73041,135,560,-425
73042,381,77,304
73043,72,116,-44
73044,8739,2397,6342
73045,3962,7773,-3811
73047,1292,5117,-3825
73048,961,264,697
73049,2256,3241,-985
73050,89,248,-159
73051,2795,193,2602
73052,2378,102,2276
73053,237,907,-670
73054,1736,159,1577
73055,3760,270,3490
73056,210,200,10
73057,911,167,744
73058,60,149,-89
73059,1135,1428,-293
73061,683,263,420
73062,533,264,269
73063,316,322,-6
73064,9504,1370,8134
73065,3598,8336,-4738
73066,48,269,-221
73067,684,114,570
73068,4476,594,3882
73069,10946,153,10793
73070,0,972,-972
73071,17735,808,16927
73072,18817,4398,14419
73073,316,1219,-903
73074,427,1666,-1239
73075,3687,792,2895
73077,2312,1020,1292
73078,4184,467,3717
73079,192,652,-460
73080,3676,412,3264
73082,1141,270,871
73084,2741,905,1836
73086,2999,379,2620
73089,4727,3328,1399
73090,223,3919,-3696
73092,304,73,231
73093,1240,221,1019
73095,796,164,632
73096,5188,0,5188
73097,49,101,-52
73098,1340,34,1306
73099,29538,379,29159
73102,1103,561,542
73103,3110,90,3020
73104,2018,46,1972
73105,2933,1500,1433
73106,4766,520,4246
73107,11013,8354,2659
73108,5118,7321,-2203
73109,7095,12350,-5255
73110,14143,464,13679
73111,4693,743,3950
73112,15276,473,14803
73114,8164,215,7949
73115,8383,217,8166
73116,4411,73,4338
73117,2801,350,2451
73118,7079,368,6711
73119,10254,234,10020
73120,17948,2799,15149
73121,1237,28,1209
73122,5435,129,5306
73127,8928,317,8611
73128,2713,626,2087
73129,6646,45,6601
73130,8238,128,8110
73131,1337,87,1250
73132,11070,238,10832
73134,3610,2709,901
73135,8210,1136,7074
73139,7898,187,7711
73141,909,3166,-2257
73142,6799,607,6192
73145,607,640,-33
73149,1818,1897,-79
73150,1937,306,1631
73151,669,3073,-2404
73159,12553,2329,10224
73160,23146,746,22400
73162,11754,1911,9843
73165,2620,669,1951
73169,996,393,603
73170,15710,4825,10885
73173,1278,261,1017
73179,2220,867,1353
73401,13870,1380,12490
73425,83,4367,-4284
73430,526,426,100
73432,383,599,-216
73433,959,774,185
73434,204,1625,-1421
73435,26,997,-971
73436,44,2311,-2267
73437,28,799,-771
73438,1262,1719,-457
73439,2543,706,1837
73440,88,519,-431
73441,71,977,-906
73442,150,56,94
73443,1116,529,587
73444,83,1914,-1831
73446,3001,327,2674
73447,416,934,-518
73448,2088,971,1117
73449,1302,89,1213
73450,522,56,466
73453,242,449,-207
73455,236,185,51
73456,648,42,606
73458,345,4612,-4267
73459,457,118,339
73460,1641,618,1023
73461,233,4351,-4118
73463,1431,1691,-260
73481,333,5613,-5280
73487,56,817,-761
73488,6,451,-445
73491,306,2362,-2056
73501,7635,4520,3115
73503,1701,1928,-227
73505,18718,293,18425
73507,8494,943,7551
73520,44,1996,-1952
73521,7935,1464,6471
73523,0,7001,-7001
73526,765,21082,-20317
73527,1719,16710,-14991
73528,187,18422,-18235
73529,1774,2752,-978
73530,172,8310,-8138
73531,120,9995,-9875
73532,216,14064,-13848
73533,10704,8917,1787
73537,237,3231,-2994
73538,2212,6912,-4700
73539,78,17539,-17461
73540,128,15335,-15207
73541,1490,18150,-16660
73542,1511,13856,-12345
73543,793,9722,-8929
73544,105,24076,-23971
73546,494,16375,-15881
73547,546,11839,-11293
73548,147,6423,-6276
73549,117,17591,-17474
73550,795,9354,-8559
73551,14,11176,-11162
73552,475,19940,-19465
73553,4,14850,-14846
73554,1320,6655,-5335
73555,55,14875,-14820
73556,46,12904,-12858
73557,111,28346,-28235
73559,187,1437,-1250
73560,320,17262,-16942
73562,206,4875,-4669
73564,188,1008,-820
73565,329,14589,-14260
73566,507,17292,-16785
73567,329,16624,-16295
73568,378,15419,-15041
73569,196,4081,-3885
73570,370,24240,-23870
73571,31,11378,-11347
73572,1184,12035,-10851
73573,869,25006,-24137
73601,4025,12166,-8141
73620,492,14986,-14494
73622,121,13053,-12932
73624,707,3161,-2454
73625,190,12753,-12563
73626,342,3347,-3005
73627,187,17482,-17295
73628,642,13249,-12607
73632,1174,7657,-6483
73638,44,10015,-9971
73639,287,8521,-8234
73641,202,9237,-9035
73642,61,8184,-8123
73644,5779,9538,-3759
73645,445,18776,-18331
73646,157,5695,-5538
73647,220,15730,-15510
73650,331,198,133
73651,1513,365,1148
73654,287,4899,-4612
73655,311,15298,-14987
73658,108,133,-25
73659,55,1634,-1579
73660,139,9944,-9805
73661,187,1365,-1178
73662,1595,18102,-16507
73663,399,6699,-6300
73664,548,1375,-827
73666,157,8959,-8802
73667,180,1504,-1324
73668,17,2097,-2080
73669,562,10157,-9595
73673,195,540,-345
73701,9060,143,8917
73703,11696,6916,4780
73705,21,1794,-1773
73716,213,6787,-6574
73717,2550,2329,221
73718,231,1350,-1119
73719,27,6310,-6283
73720,86,6167,-6081
73722,85,1274,-1189
73724,318,6421,-6103
73726,180,2679,-2499
73727,52,2490,-2438
73728,778,18500,-17722
73729,229,21646,-21417
73730,307,1731,-1424
73731,80,203,-123
73733,67,11621,-11554
73734,320,874,-554
73735,274,6411,-6137
73736,247,138,109
73737,1512,1460,52
73738,382,5694,-5312
73739,177,7897,-7720
73741,173,2393,-2220
73742,1347,920,427
73743,36,152,-116
73744,37,13248,-13211
73746,11,1179,-1168
73747,100,2961,-2861
73749,229,5539,-5310
73750,2565,1156,1409
73753,231,1674,-1443
73754,467,6931,-6464
73755,274,7626,-7352
73756,138,1723,-1585
73757,62,6695,-6633
73758,73,5829,-5756
73759,483,1267,-784
73760,151,5451,-5300
73761,119,14082,-13963
73762,720,8965,-8245
73763,621,20033,-19412
73764,125,458,-333
73766,415,10114,-9699
73768,599,6340,-5741
73770,0,2352,-2352
73771,154,20067,-19913
73772,1339,6695,-5356
73773,856,15355,-14499
73801,6293,5949,344
73832,473,16653,-16180
73834,606,21795,-21189
73835,103,9976,-9873
73838,227,11768,-11541
73840,199,13682,-13483
73841,186,4245,-4059
73842,234,10221,-9987
73843,305,8197,-7892
73844,114,1305,-1191
73848,565,16859,-16294
73851,65,23717,-23652
73852,720,11016,-10296
73853,193,12164,-11971
73855,55,13912,-13857
73857,357,9461,-9104
73858,553,4313,-3760
73859,492,10044,-9552
73860,468,6403,-5935
73901,77,5282,-5205
73931,254,7484,-7230
73932,694,11819,-11125
73933,520,9706,-9186
73937,80,9557,-9477
73938,229,23162,-22933
73939,379,5707,-5328
73942,4482,1244,3238
73944,154,156,-2
73945,926,15725,-14799
73946,9,4331,-4322
73947,214,1639,-1425
73949,460,12080,-11620
73950,417,5130,-4713
73951,391,11417,-11026
73960,21,0,21
74001,115,26191,-26076
74002,622,0,622
74003,5414,6197,-783
74006,10765,6076,4689
74008,10831,4896,5935
74010,3856,3811,45
74011,11744,1572,10172
74012,23769,450,23319
74014,14142,320,13822
74015,3438,82,3356
74016,2201,1288,913
74017,10541,65,10476
74019,7397,1230,6167
74020,2800,975,1825
74021,7758,4578,3180
74022,790,401,389
74023,4476,370,4106
74026,283,1011,-728
74027,322,1112,-790
74028,612,1132,-520
74029,1916,1780,136
74030,1408,3334,-1926
74032,808,739,69
74033,4340,1262,3078
74034,50,1096,-1046
74035,1338,539,799
74036,2628,793,1835
74037,7930,453,7477
74038,798,353,445
74039,1455,346,1109
74041,985,2628,-1643
74042,153,47,106
74044,2911,3140,-229
74045,123,1146,-1023
74046,45,384,-339
74047,2384,243,2141
74048,2245,500,1745
74050,199,102,97
74051,770,318,452
74052,417,1526,-1109
74053,1814,1196,618
74054,252,1617,-1365
74055,17299,9081,8218
74056,1988,2368,-380
74058,1362,1453,-91
74059,2138,9385,-7247
74060,171,4131,-3960
74061,796,269,527
74062,336,156,180
74063,12036,78,11958
74066,12026,430,11596
74068,10,1390,-1380
74070,5292,1564,3728
74071,96,5510,-5414
74072,675,44,631
74073,1886,517,1369
74074,12253,323,11930
74075,10590,513,10077
74077,0,645,-645
74078,36,794,-758
74079,1690,197,1493
74080,973,9159,-8186
74081,675,847,-172
74082,96,593,-497
74083,378,407,-29
74084,196,354,-158
74085,1022,784,238
74103,421,1820,-1399
74104,5253,210,5043
74105,12612,215,12397
74106,7080,3846,3234
74107,8020,2632,5388
74108,2870,1289,1581
74110,5042,1505,3537
74112,9503,13206,-3703
74114,7356,9107,-1751
74115,8300,372,7928
74116,1266,4165,-2899
74117,0,814,-814
74119,2072,589,1483
74120,2776,392,2384
74126,3951,601,3350
74127,6613,2304,4309
74128,4411,444,3967
74129,7070,2146,4924
74130,731,35,696
74131,892,1874,-982
74132,4006,125,3881
74133,20426,397,20029
74134,7924,1576,6348
74135,9326,1034,8292
74136,14079,1117,12962
74137,11449,3550,7899
74145,7597,1267,6330
74146,5541,1509,4032
74171,0,36,-36
74301,3983,748,3235
74330,1110,5848,-4738
74331,3220,7166,-3946
74332,612,2407,-1795
74333,346,11183,-10837
74337,1651,11545,-9894
74338,1704,1249,455
74339,813,963,-150
74340,80,5356,-5276
74342,949,2208,-1259
74343,1246,1214,32
74344,6283,1310,4973
74346,2703,93,2610
74347,1139,64,1075
74349,343,871,-528
74350,292,4383,-4091
74352,2092,3753,-1661
74354,6649,4845,1804
74358,87,3026,-2939
74359,61,774,-713
74360,9,4461,-4452
74361,6550,4300,2250
74363,1031,1593,-562
74364,691,3480,-2789
74365,1623,1089,534
74366,598,9399,-8801
74367,238,471,-233
74368,30,825,-795
74369,679,295,384
74370,1479,5896,-4417
74401,6437,6185,252
74403,11268,938,10330
74421,1525,214,1311
74422,405,1519,-1114
74423,310,2510,-2200
74425,422,4621,-4199
74426,3420,1556,1864
74427,583,1911,-1328
74428,326,2417,-2091
74429,5315,13849,-8534
74430,285,8320,-8035
74431,344,15748,-15404
74432,3945,2783,1162
74434,3763,844,2919
74435,1159,3146,-1987
74436,1909,5754,-3845
74437,3616,2005,1611
74438,117,2171,-2054
74441,1878,1228,650
74442,260,6092,-5832
74445,1040,2606,-1566
74446,199,2184,-1985
74447,6009,2145,3864
74450,580,1269,-689
74451,1588,3934,-2346
74452,108,3085,-2977
74454,1326,60,1266
74455,1079,942,137
74456,56,4893,-4837
74457,116,2380,-2264
74458,36,32,4
74459,40,2946,-2906
74460,192,8839,-8647
74462,2882,1102,1780
74463,75,6235,-6160
74464,11412,4630,6782
74467,5523,1427,4096
74468,152,40,112
74469,697,60,637
74470,679,2819,-2140
74471,521,205,316
74472,250,3277,-3027
74477,9,128,-119
74501,10828,2727,8101
74521,25,1358,-1333
74522,87,4442,-4355
74523,2112,1282,830
74525,3379,5880,-2501
74528,43,5764,-5721
74530,88,1989,-1901
74531,297,21,276
74533,346,1363,-1017
74534,58,4401,-4343
74535,34,321,-287
74536,621,1845,-1224
74538,1538,2804,-1266
74540,67,2193,-2126
74543,174,1125,-951
74546,274,1040,-766
74547,1163,682,481
74549,35,46,-11
74552,377,59,318
74553,487,202,285
74554,864,954,-90
74555,225,586,-361
74556,144,397,-253
74557,230,1001,-771
74558,143,117,26
74560,179,25,154
74561,739,826,-87
74562,294,1842,-1548
74563,774,686,88
74565,171,3024,-2853
74567,51,10066,-10015
74569,226,13087,-12861
74570,458,1758,-1300
74571,1405,402,1003
74572,286,408,-122
74574,482,738,-256
74576,88,720,-632
74577,122,1101,-979
74578,2238,631,1607
74601,7239,490,6749
74604,4736,48,4688
74630,191,5099,-4908
74631,2632,422,2210
74632,218,295,-77
74633,151,904,-753
74636,86,1328,-1242
74637,619,2594,-1975
74640,90,131,-41
74641,249,451,-202
74643,174,471,-297
74644,205,1401,-1196
74646,65,2576,-2511
74647,1200,2944,-1744
74650,184,6062,-5878
74651,360,1136,-776
74652,384,3211,-2827
74653,1584,289,1295
74701,9777,358,9419
74720,166,5828,-5662
74721,0,0,0
74722,58,6601,-6543
74723,512,7568,-7056
74724,56,1690,-1634
74726,849,647,202
74727,862,1120,-258
74728,3953,2548,1405
74729,1016,1133,-117
74730,1940,1208,732
74731,583,1367,-784
74733,1236,301,935
74734,354,340,14
74735,695,26,669
74736,313,3960,-3647
74737,17,1112,-1095
74738,184,9924,-9740
74740,777,8635,-7858
74741,347,11847,-11500
74743,3298,4501,-1203
74745,3543,6503,-2960
74747,165,16838,-16673
74748,196,9140,-8944
74750,75,10029,-9954
74753,35,13311,-13276
74754,177,10750,-10573
74755,18,6536,-6518
74756,241,11581,-11340
74759,492,16778,-16286
74760,64,8753,-8689
74761,25,10080,-10055
74764,1253,14969,-13716
74766,435,5787,-5352
74801,8381,2291,6090
74804,7783,21399,-13616
74820,11852,5547,6305
74824,412,9115,-8703
74825,683,7948,-7265
74826,503,535,-32
74827,135,7542,-7407
74829,202,14194,-13992
74830,57,11531,-11474
74831,258,100,158
74832,309,2768,-2459
74833,193,1356,-1163
74834,2844,8590,-5746
74836,131,10316,-10185
74837,74,2174,-2100
74839,229,18227,-17998
74840,711,5202,-4491
74842,116,10883,-10767
74843,90,4449,-4359
74844,120,1145,-1025
74845,123,5795,-5672
74848,2090,1531,559
74849,1153,2343,-1190
74850,102,68,34
74851,3562,19716,-16154
74852,540,487,53
74854,642,9476,-8834
74855,1620,1274,346
74856,240,7229,-6989
74857,4056,301,3755
74859,2257,1164,1093
74860,582,1951,-1369
74864,1719,131,1588
74865,744,2719,-1975
74866,29,6224,-6195
74867,229,2295,-2066
74868,4380,2949,1431
74869,283,8018,-7735
74871,1004,8970,-7966
74872,1130,4247,-3117
74873,3880,8279,-4399
74875,354,853,-499
74878,684,3151,-2467
74880,683,4966,-4283
74881,1956,5531,-3575
74883,788,6266,-5478
74884,2088,9525,-7437
74901,718,12161,-11443
74902,1676,13899,-12223
74930,777,9702,-8925
74931,452,10215,-9763
74932,885,6538,-5653
74935,64,15486,-15422
74936,454,8647,-8193
74937,1776,5742,-3966
74939,213,20922,-20709
74940,855,10806,-9951
74941,882,5123,-4241
74942,53,13076,-13023
74943,41,6861,-6820
74944,445,9262,-8817
74945,61,7623,-7562
74946,29,88,-59
74947,33,0,33
74948,4298,9623,-5325
74949,131,12451,-12320
74951,562,17639,-17077
74953,4280,7975,-3695
74954,1627,8064,-6437
74955,5519,19557,-14038
74956,721,8454,-7733
74957,340,7972,-7632
74959,2340,1881,459
74960,4105,5193,-1088
74962,1622,1644,-22
74963,194,16170,-15976
74964,822,13276,-12454
74965,1689,10414,-8725
74966,1276,9842,-8566
75001,8835,6559,2276
75002,22095,4179,17916
75006,18161,6686,11475
75007,19938,8755,11183
75009,7649,13235,-5586
75010,11912,1247,10665
75013,15596,6155,9441
75019,16834,7263,9571
75020,9179,433,8746
75021,3462,3991,-529
75022,8756,1275,7481
75023,18162,5118,13044
75024,17539,165,17374
75025,18342,463,17879
75028,16938,9981,6957
75032,11621,18488,-6867
75033,14047,704,13343
75034,19088,3964,15124
75035,26190,11701,14489
75036,10912,2261,8651
75038,13540,331,13209
75039,11027,364,10663
75040,20033,1185,18848
75041,9799,78,9721
75042,11552,2346,9206
75043,21955,2270,19685
75044,15958,1587,14371
75048,9387,108,9279
75050,15559,10891,4668
75051,13150,14,13136
75052,30366,441,29925
75054,4789,625,4164
75056,25494,4700,20794
75057,6198,65,6133
75058,984,651,333
75060,14542,510,14032
75061,18502,1811,16691
75062,17490,3304,14186
75063,17190,6839,10351
75065,4693,4958,-265
75067,27002,1831,25171
75068,20531,5898,14633
75069,14537,8193,6344
75070,20576,5371,15205
75071,20893,7193,13700
75072,17585,532,17053
75074,17678,695,16983
75075,14473,4563,9910
75076,3384,293,3091
75077,13420,1468,11952
75078,10613,147,10466
75080,18861,85,18776
75081,13677,1996,11681
75082,11054,869,10185
75087,13795,3491,10304
75088,9261,112,9149
75089,11218,684,10534
75090,8466,389,8077
75092,11395,53,11342
75093,19245,1590,17655
75094,6377,284,6093
75098,20326,266,20060
75101,222,1784,-1562
75102,596,4914,-4318
75103,6220,129,6091
75104,16342,438,15904
75105,37,9970,-9933
75109,1626,0,1626
75110,10160,3278,6882
75114,1996,3665,-1669
75115,19906,370,19536
75116,7030,32,6998
75117,1543,1054,489
75119,9900,1155,8745
75124,1776,449,1327
75125,2210,636,1574
75126,19298,225,19073
75127,762,71,691
75132,0,2087,-2087
75134,6653,2956,3697
75135,2504,748,1756
75137,6832,1254,5578
75140,2589,154,2435
75141,1005,3282,-2277
75142,7291,2287,5004
75143,5815,1023,4792
75144,1326,5260,-3934
75146,8585,14,8571
75147,2621,437,2184
75148,2552,601,1951
75149,19362,379,18983
75150,22642,1470,21172
75152,1871,1906,-35
75153,146,92,54
75154,14798,211,14587
75155,963,1139,-176
75156,6734,235,6499
75157,111,181,-70
75158,1766,118,1648
75159,6356,21,6335
75160,8486,1273,7213
75161,2869,705,2164
75163,1118,530,588
75164,151,135,16
75165,16267,494,15773
75166,1853,1023,830
75167,3984,63,3921
75169,5583,435,5148
75172,1779,410,1369
75173,2488,566,1922
75180,7483,741,6742
75181,7865,24,7841
75182,2569,240,2329
75189,11731,5844,5887
75201,11165,12242,-1077
75202,1461,8256,-6795
75203,6229,0,6229
75204,18689,654,18035
75205,9143,10756,-1613
75206,20910,555,20355
75207,2209,256,1953
75208,11638,3007,8631
75209,6721,11854,-5133
75210,2855,0,2855
75211,22504,989,21515
75212,8099,391,7708
75214,15278,1374,13904
75215,7008,5830,1178
75216,18934,863,18071
75217,23912,1799,22113
75218,9434,682,8752
75219,15936,1248,14688
75220,14009,306,13703
75223,4580,2667,1913
75224,11712,7592,4120
75225,8869,13488,-4619
75226,2381,10858,-8477
75227,18465,6473,11992
75228,24624,8587,16037
75229,11429,13700,-2271
75230,12934,4122,8812
75231,17536,706,16830
75232,11559,577,10982
75233,4984,1634,3350
75234,11789,1543,10246
75235,8698,302,8396
75236,6501,14,6487
75237,7943,62,7881
75238,12950,3506,9444
75240,10230,650,9580
75241,10481,971,9510
75243,27814,2164,25650
75244,5701,24,5677
75246,1250,6560,-5310
75247,229,1310,-1081
75248,16306,609,15697
75249,5315,1516,3799
75251,2292,0,2292
75252,12458,0,12458
75253,6468,0,6468
75254,11285,0,11285
75261,0,474,-474
75270,0,415,-415
75287,26947,51,26896
75390,0,761,-761
75401,7952,659,7293
75402,6933,610,6323
75407,7998,36,7962
75409,6823,641,6182
75410,2029,641,1388
75411,327,180,147
75412,240,539,-299
75413,70,1932,-1862
75414,1116,2649,-1533
75415,122,477,-355
75416,1083,571,512
75417,878,209,669
75418,4953,1040,3913
75420,604,666,-62
75421,235,1139,-904
75422,1161,632,529
75423,1146,1973,-827
75424,1282,4828,-3546
75426,1704,4100,-2396
75428,3742,1058,2684
75429,0,313,-313
75431,506,26,480
75432,1082,1158,-76
75433,1175,371,804
75434,0,390,-390
75435,471,78,393
75436,749,2923,-2174
75437,434,903,-469
75438,350,3030,-2680
75439,417,175,242
75440,2578,2477,101
75441,102,1106,-1004
75442,3843,887,2956
75446,1377,100,1277
75447,423,4118,-3695
75448,343,445,-102
75449,438,854,-416
75450,177,486,-309
75451,541,194,347
75452,1484,78,1406
75453,1046,511,535
75454,4705,141,4564
75455,9116,238,8878
75457,1936,900,1036
75459,1988,9,1979
75460,10235,106,10129
75462,4294,562,3732
75468,379,1273,-894
75469,142,418,-276
75470,108,2244,-2136
75471,645,4002,-3357
75472,1623,604,1019
75473,1410,509,901
75474,5969,3147,2822
75475,25,10016,-9991
75476,491,11874,-11383
75477,380,5082,-4702
75478,317,8659,-8342
75479,730,10553,-9823
75480,739,2939,-2200
75481,145,9042,-8897
75482,9550,0,9550
75486,939,8838,-7899
75487,480,1700,-1220
75488,281,50,231
75489,368,1829,-1461
75490,1025,1182,-157
75491,1859,0,1859
75492,129,2612,-2483
75493,180,92,88
75494,3812,102,3710
75495,3043,31,3012
75496,1265,185,1080
75497,1587,2235,-648
75501,13008,6,13002
75503,10214,630,9584
75550,298,19,279
75551,4283,47,4236
75554,837,1409,-572
75555,668,77,591
75556,414,36,378
75558,640,1703,-1063
75559,2154,123,2031
75560,432,566,-134
75561,1932,128,1804
75562,33,1556,-1523
75563,1570,750,820
75564,0,85,-85
75565,34,776,-742
75566,243,749,-506
75567,1601,66,1535
75568,1223,246,977
75569,1200,62,1138
75570,3166,194,2972
75571,973,12,961
75572,1458,79,1379
75573,68,247,-179
75574,482,266,216
75601,5714,48,5666
75602,7272,37,7235
75603,2632,296,2336
75604,11638,1550,10088
75605,14201,726,13475
75630,1028,69,959
75631,897,83,814
75633,4811,23,4788
75638,1939,46,1893
75639,918,32,886
75640,2000,371,1629
75641,45,10777,-10732
75642,25,11704,-11679
75643,867,13402,-12535
75644,4342,4358,-16
75645,3901,231,3670
75647,4670,57,4613
75650,3239,1210,2029
75651,841,546,295
75652,4015,338,3677
75654,4797,548,4249
75656,1649,1084,565
75657,3026,9,3017
75658,8,38,-30
75659,0,11,-11
75661,885,497,388
75662,8510,1246,7264
75667,528,694,-166
75668,967,3,964
75669,261,1347,-1086
75670,6303,464,5839
75671,0,32,-32
75672,5886,0,5886
75680,0,0,0
75681,1059,103,956
75682,256,2866,-2610
75683,1450,4098,-2648
75684,2144,12361,-10217
75686,4628,9386,-4758
75687,0,11234,-11234
75689,56,15059,-15003
75691,1500,14368,-12868
75692,1813,14063,-12250
75693,2146,244,1902
75694,0,5628,-5628
75701,12080,6212,5868
75702,8409,5425,2984
75703,16830,9810,7020
75704,3091,16404,-13313
75705,804,9359,-8555
75706,3139,9940,-6801
75707,5635,10965,-5330
75708,3028,10006,-6978
75709,2018,7914,-5896
75711,0,9743,-9743
75750,1293,9231,-7938
75751,5776,9462,-3686
75752,2773,14275,-11502
75754,2910,11592,-8682
75755,1762,8049,-6287
75756,1599,8609,-7010
75757,4967,5619,-652
75758,3721,5631,-1910
75759,33,5175,-5142
75760,1118,5760,-4642
75762,5219,4104,1115
75763,2334,8882,-6548
75764,74,11357,-11283
75765,3059,13036,-9977
75766,9562,22890,-13328
75770,1010,5047,-4037
75771,7680,7328,352
75773,5245,7087,-1842
75778,1038,15439,-14401
75779,0,11242,-11242
75780,123,16838,-16715
75782,20,7830,-7810
75783,3293,9186,-5893
75784,217,9358,-9141
75785,3389,859,2530
75788,28,7764,-7736
75789,3128,5242,-2114
75790,1287,8433,-7146
75791,5005,1298,3707
75792,1046,5515,-4469
75801,5930,8659,-2729
75803,5845,11659,-5814
75831,1871,14255,-12384
75833,933,9288,-8355
75835,4411,19708,-15297
75838,143,8625,-8482
75839,1993,6026,-4033
75840,2321,13165,-10844
75844,1779,8482,-6703
75845,939,9627,-8688
75846,1128,17527,-16399
75847,554,14989,-14435
75848,35,13852,-13817
75849,43,9506,-9463
75850,499,8990,-8491
75851,840,3643,-2803
75852,467,7326,-6859
75853,343,17210,-16867
75855,1160,9492,-8332
75856,76,16915,-16839
75858,31,10872,-10841
75859,948,11620,-10672
75860,1665,11615,-9950
75861,731,8958,-8227
75862,4365,23644,-19279
75865,3,4554,-4551
75884,0,11891,-11891
75886,0,14993,-14993
75901,10313,15460,-5147
75903,57,19124,-19067
75904,12687,19976,-7289
75925,1316,31310,-29994
75926,522,4629,-4107
75928,420,7698,-7278
75929,603,10750,-10147
75930,690,16019,-15329
75931,824,16075,-15251
75932,527,13032,-12505
75933,552,8328,-7776
75934,56,12624,-12568
75935,4439,11406,-6967
75936,291,2890,-2599
75937,444,22766,-22322
75938,944,13688,-12744
75939,1604,7426,-5822
75941,2484,14553,-12069
75942,39,0,39
75943,421,9219,-8798
75944,421,5931,-5510
75946,1466,5604,-4138
75948,2570,8569,-5999
75949,3290,3638,-348
75951,5691,5532,159
75954,1006,5127,-4121
75956,3167,9311,-6144
75959,245,0,245
75960,205,6928,-6723
75961,6276,4692,1584
75962,0,2502,-2502
75964,6775,45,6730
75965,7619,1060,6559
75966,1540,4269,-2729
75968,855,11411,-10556
75969,1434,15294,-13860
75972,2492,9072,-6580
75973,1111,0,1111
75974,1194,9566,-8372
75975,1319,17368,-16049
75976,347,34,313
75977,158,11835,-11677
75979,3519,9793,-6274
75980,1009,8114,-7105
76001,11238,9656,1582
76002,9625,6173,3452
76005,1267,1935,-668
76006,12127,289,11838
76008,7224,2253,4971
76009,6814,1576,5238
76010,17995,1187,16808
76011,9863,905,8958
76012,10905,8779,2126
76013,13098,68,13030
76014,10639,71,10568
76015,6226,388,5838
76016,11043,2690,8353
76017,15906,4008,11898
76018,8375,17928,-9553
76020,11697,146,11551
76021,14596,13307,1289
76022,5717,150,5567
76023,2430,9284,-6854
76028,25330,4793,20537
76031,6163,23709,-17546
76033,9925,9919,6
76034,9002,13664,-4662
76035,897,11781,-10884
76036,9607,4985,4622
76039,17165,6567,10598
76040,11623,12514,-891
76041,173,13757,-13584
76043,2410,7284,-4874
76044,2331,13206,-10875
76048,10566,6481,4085
76049,11845,10567,1278
76050,2483,9076,-6593
76051,20488,61,20427
76052,8180,8607,-427
76053,11202,35,11167
76054,4650,845,3805
76055,1126,3796,-2670
76058,7054,439,6615
76059,1589,639,950
76060,2908,4784,-1876
76061,79,2762,-2683
76063,24778,785,23993
76064,702,0,702
76065,13446,23632,-10186
76066,1547,844,703
76067,7037,15,7022
76070,307,15083,-14776
76071,1346,1716,-370
76073,2231,1674,557
76077,183,0,183
76078,2974,5736,-2762
76082,7281,0,7281
76084,2967,1864,1103
76085,3695,358,3337
76086,8301,114,8187
76087,10920,277,10643
76088,5154,4279,875
76092,9454,1028,8426
76093,1291,3848,-2557
76102,3897,52,3845
76103,5364,26855,-21491
76104,7178,23249,-16071
76105,6934,35,6899
76106,10809,107,10702
76107,15053,108,14945
76108,16071,652,15419
76109,9528,528,9000
76110,11280,226,11054
76111,7298,158,7140
76112,17012,18082,-1070
76114,9572,28,9544
76115,6125,3327,2798
76116,22075,74,22001
76117,10991,2579,8412
76118,5740,315,5425
76119,14645,42,14603
76120,7592,149,7443
76123,11887,10531,1356
76126,8922,103,8819
76127,45,11485,-11440
76129,0,48,-48
76131,15471,4535,10936
76132,12615,357,12258
76133,19012,96,18916
76134,9800,12556,-2756
76135,7682,8270,-588
76137,21343,23044,-1701
76140,9767,2828,6939
76148,7965,1,7964
76155,3354,623,2731
76164,4283,120,4163
76177,7730,3571,4159
76179,23515,1410,22105
76180,14909,2425,12484
76182,11294,5454,5840
76201,11076,11518,-442
76203,0,7090,-7090
76205,7612,20042,-12430
76207,6254,15197,-8943
76208,8281,10693,-2412
76209,10316,7659,2657
76210,15670,8534,7136
76225,1271,8147,-6876
76226,11659,10531,1128
76227,15459,0,15459
76228,488,5324,-4836
76230,3972,15825,-11853
76233,1257,1570,-313
76234,6671,9667,-2996
76238,124,1938,-1814
76239,483,2713,-2230
76240,11487,429,11058
76241,4,11981,-11977
76244,23997,16905,7092
76245,808,5669,-4861
76247,5496,9018,-3522
76248,14267,5496,8771
76249,3256,8862,-5606
76250,418,296,122
76251,241,979,-738
76252,935,9213,-8278
76253,105,10517,-10412
76255,2174,422,1752
76258,2650,13725,-11075
76259,2078,6251,-4173
76261,90,5504,-5414
76262,14188,16316,-2128
76263,4,2751,-2747
76264,539,10113,-9574
76265,609,7284,-6675
76266,6339,3982,2357
76267,13,350,-337
76268,49,57,-8
76270,682,3614,-2932
76271,652,3698,-3046
76272,1788,683,1105
76273,3814,2541,1273
76301,6060,10467,-4407
76302,4893,5323,-430
76305,1923,12119,-10196
76306,5634,25686,-20052
76308,8327,5293,3034
76309,5617,568,5049
76310,7514,4640,2874
76311,636,131,505
76351,790,15144,-14354
76354,4823,6617,-1794
76357,191,24231,-24040
76360,1205,513,692
76363,105,8066,-7961
76364,89,4832,-4743
76365,1822,10870,-9048
76366,804,5257,-4453
76367,3918,152,3766
76370,158,9945,-9787
76371,562,2874,-2312
76372,397,3234,-2837
76373,61,309,-248
76374,1607,183,1424
76377,206,342,-136
76379,186,424,-238
76380,1518,96,1422
76384,4354,6501,-2147
76388,88,489,-401
76389,511,254,257
76401,10806,533,10273
76402,0,3057,-3057
76424,3081,8589,-5508
76426,3864,273,3591
76427,348,10651,-10303
76429,78,8698,-8620
76430,944,6718,-5774
76431,1577,13905,-12328
76432,430,610,-180
76433,691,4869,-4178
76435,188,113,75
76436,54,6767,-6713
76437,2005,7321,-5316
76439,0,1823,-1823
76442,2825,499,2326
76443,809,237,572
76444,1366,10180,-8814
76445,73,395,-322
76446,3113,1260,1853
76448,2058,2223,-165
76449,1029,5521,-4492
76450,5399,1095,4304
76452,53,5666,-5613
76453,680,9984,-9304
76454,664,12800,-12136
76455,332,6469,-6137
76457,1478,4297,-2819
76458,2003,4739,-2736
76459,52,5918,-5866
76460,144,9920,-9776
76462,1557,8810,-7253
76463,204,3457,-3253
76464,197,3999,-3802
76466,99,1164,-1065
76469,40,1328,-1288
76470,1379,9990,-8611
76471,646,891,-245
76472,474,4170,-3696
76474,104,689,-585
76475,391,19179,-18788
76476,1166,17881,-16715
76481,70,443,-373
76483,383,34,349
76484,281,1661,-1380
76486,431,350,81
76487,931,2389,-1458
76490,31,957,-926
76491,185,2203,-2018
76501,6595,631,5964
76502,16488,28,16460
76504,9722,4127,5595
76511,872,1343,-471
76513,14535,605,13930
76518,522,616,-94
76519,127,60,67
76520,2815,194,2621
76522,14682,1829,12853
76523,111,662,-551
76524,1292,15237,-13945
76525,461,9756,-9295
76527,1583,4973,-3390
76528,6762,100,6662
76530,966,756,210
76531,1461,3330,-1869
76534,1108,2945,-1837
76537,3474,0,3474
76538,471,45,426
76539,3189,1418,1771
76541,7908,2367,5541
76542,18486,3250,15236
76543,12893,912,11981
76544,3291,78,3213
76548,11250,104,11146
76549,18619,192,18427
76550,5097,17,5080
76554,840,192,648
76556,716,785,-69
76557,2089,67,2022
76559,2369,159,2210
76561,442,267,175
76565,52,6374,-6322
76566,125,458,-333
76567,3717,700,3017
76569,894,1732,-838
76570,904,65,839
76571,3394,152,3242
76573,12,292,-280
76574,7438,97,7341
76577,1255,154,1101
76578,544,186,358
76579,2086,3709,-1623
76596,0,0,0
76597,0,2454,-2454
76598,0,3610,-3610
76599,0,449,-449
76621,366,153,213
76622,546,10568,-10022
76623,69,27,42
76624,876,147,729
76626,491,2649,-2158
76627,572,1121,-549
76628,33,626,-593
76629,758,175,583
76630,664,2033,-1369
76631,170,1435,-1265
76632,534,3409,-2875
76633,1989,3388,-1399
76634,2838,1023,1815
76635,498,478,20
76636,540,62,478
76637,181,1612,-1431
76638,1066,8493,-7427
76639,676,506,170
76640,1136,2013,-877
76641,602,2083,-1481
76642,2105,130,1975
76643,5655,16149,-10494
76645,3859,0,3859
76648,997,595,402
76649,276,11702,-11426
76650,48,13218,-13170
76651,1467,11573,-10106
76652,449,71,378
76653,533,15721,-15188
76654,82,14298,-14216
76655,2946,281,2665
76656,860,2138,-1278
76657,4013,718,3295
76660,200,726,-526
76661,2145,315,1830
76664,1280,432,848
76665,1117,1820,-703
76666,66,0,66
76667,3701,3400,301
76670,538,3705,-3167
76671,647,4691,-4044
76673,377,3677,-3300
76676,104,241,-137
76678,43,215,-172
76679,330,1619,-1289
76680,34,5008,-4974
76681,211,1100,-889
76682,1077,256,821
76685,28,2227,-2199
76686,104,47,57
76687,827,4085,-3258
76689,1446,2760,-1314
76690,413,7240,-6827
76691,2427,50,2377
76692,3839,102,3737
76693,808,9275,-8467
76701,759,11648,-10889
76704,3287,1985,1302
76705,11109,1033,10076
76706,14079,7082,6997
76707,5808,131,5677
76708,9508,283,9225
76710,10705,1139,9566
76711,3894,1942,1952
76712,10264,3844,6420
76798,0,167,-167
76801,9477,881,8596
76802,2141,1831,310
76820,61,39,22
76821,1759,21580,-19821
76823,993,7175,-6182
76824,0,6820,-6820
76825,2610,1113,1497
76827,283,314,-31
76828,99,56,43
76831,0,35,-35
76832,194,10,184
76834,2103,30,2073
76836,2,231,-229
76837,417,684,-267
76841,12,7554,-7542
76842,89,0,89
76844,1227,603,624
76845,101,828,-727
76848,39,10725,-10686
76849,1465,16510,-15045
76852,136,379,-243
76853,538,1731,-1193
76854,110,271,-161
76856,1307,132,1175
76857,926,3771,-2845
76858,112,1560,-1448
76859,934,15560,-14626
76861,654,4115,-3461
76862,83,1816,-1733
76864,314,3876,-3562
76865,86,713,-627
76866,208,14978,-14770
76869,41,1231,-1190
76870,20,17203,-17183
76871,230,13089,-12859
76872,287,8908,-8621
76873,50,11249,-11199
76874,0,16104,-16104
76875,249,7492,-7243
76877,1467,680,787
76878,607,17098,-16491
76880,0,13743,-13743
76882,96,12311,-12215
76884,18,5058,-5040
76885,52,5793,-5741
76887,53,10840,-10787
76888,75,6552,-6477
76890,357,16766,-16409
76901,12181,5016,7165
76902,0,4250,-4250
76903,11805,2168,9637
76904,14828,14169,659
76905,4606,18854,-14248
76908,0,13896,-13896
76909,0,17486,-17486
76930,33,3129,-3096
76932,1055,15631,-14576
76933,492,16139,-15647
76934,295,911,-616
76935,666,205,461
76936,883,373,510
76937,37,10742,-10705
76939,0,9688,-9688
76940,0,9933,-9933
76941,599,22672,-22073
76943,1274,8966,-7692
76945,780,0,780
76950,1128,9261,-8133
76951,397,17965,-17568
76953,35,17863,-17828
76955,89,5430,-5341
76957,46,17578,-17532
76958,91,18554,-18463
77002,5971,17193,-11222
77003,5140,1733,3407
77004,14740,9279,5461
77005,9973,14147,-4174
77006,13345,3576,9769
77007,21209,2716,18493
77008,17500,1514,15986
77009,14745,13982,763
77010,536,7529,-6993
77011,6152,7838,-1686
77012,5942,4364,1578
77013,5978,1483,4495
77014,11862,3540,8322
77015,18110,2043,16067
77016,9790,270,9520
77017,10440,9708,732
77018,11641,0,11641
77019,11326,4719,6607
77020,8885,0,8885
77021,10542,215,10327
77022,9097,187,8910
77023,10306,892,9414
77024,15846,160,15686
77025,13601,1629,11972
77026,7898,149,7749
77027,10887,177,10710
77028,6288,179,6109
77029,5461,94,5367
77030,5358,203,5155
77031,5959,2356,3603
77032,4336,966,3370
77033,9253,281,8972
77034,12243,585,11658
77035,13788,1798,11990
77036,25658,3137,22521
77037,5149,10362,-5213
77038,8897,3246,5651
77039,7931,94,7837
77040,18537,1390,17147
77041,10984,126,10858
77042,18836,1639,17197
77043,9804,1796,8008
77044,15712,5790,9922
77045,10053,1057,8996
77046,751,148,603
77047,11891,1372,10519
77048,6561,632,5929
77049,11422,7527,3895
77050,1663,8405,-6742
77051,6570,1333,5237
77053,9175,1915,7260
77054,14448,137,14311
77055,15758,2980,12778
77056,11805,554,11251
77057,20858,2040,18818
77058,9265,120,9145
77059,6239,909,5330
77060,14720,1848,12872
77061,9147,325,8822
77062,9442,5849,3593
77063,19672,4796,14876
77064,15654,233,15421
77065,15937,965,14972
77066,11855,3873,7982
77067,10005,947,9058
77068,3747,9015,-5268
77069,8313,10763,-2450
77070,21474,14787,6687
77071,9903,14843,-4940
77072,18997,11424,7573
77073,13288,12958,330
77074,12941,4859,8082
77075,12287,1278,11009
77076,9801,11653,-1852
77077,29031,135,28896
77078,4625,20370,-15745
77079,13372,6208,7164
77080,15248,15654,-406
77081,18515,9786,8729
77082,21398,17179,4219
77083,23129,24928,-1799
77084,34699,11770,22929
77085,5500,236,5264
77086,8660,121,8539
77087,11344,10157,1187
77088,17164,2836,14328
77089,18118,10082,8036
77090,16174,12289,3885
77091,11113,15198,-4085
77092,14368,2458,11910
77093,13476,121,13355
77094,3977,127,3850
77095,24622,170,24452
77096,12819,16618,-3799
77098,8541,11421,-2880
77099,16046,2834,13212
77204,0,237,-237
77301,10473,3590,6883
77302,6394,1185,5209
77303,7595,108,7487
77304,14903,405,14498
77306,5069,81,4988
77316,9754,10,9744
77318,6994,127,6867
77320,9813,4304,5509
77326,63,149,-86
77327,9334,921,8413
77328,5891,7822,-1931
77331,2930,21254,-18324
77334,23,8888,-8865
77335,906,14470,-13564
77336,4142,2648,1494
77338,16315,2193,14122
77339,17063,19776,-2713
77340,11979,3893,8086
77341,0,949,-949
77342,0,3684,-3684
77345,9209,10295,-1086
77346,22385,1980,20405
77350,40,4766,-4726
77351,11726,119,11607
77354,12789,14821,-2032
77355,10032,86,9946
77356,12040,9646,2394
77357,9258,77,9181
77358,1963,69,1894
77359,82,282,-200
77360,2350,1376,974
77362,2156,502,1654
77363,1227,1552,-325
77364,1048,17741,-16693
77365,12145,1644,10501
77367,176,125,51
77368,0,8732,-8732
77369,215,1871,-1656
77371,2154,1947,207
77372,4157,50,4107
77373,21156,99,21057
77374,199,834,-635
77375,22022,7987,14035
77376,309,4967,-4658
77377,12618,3852,8766
77378,5538,22268,-16730
77379,27746,192,27554
77380,13980,342,13638
77381,13441,2008,11433
77382,13149,5414,7735
77384,9135,136,8999
77385,8464,1296,7168
77386,20228,5257,14971
77388,17511,7624,9887
77389,13448,95,13353
77396,19482,309,19173
77401,6256,9076,-2820
77406,19349,8612,10737
77407,20776,8814,11962
77412,0,3869,-3869
77414,9279,1052,8227
77415,110,367,-257
77417,780,8564,-7784
77418,3814,7471,-3657
77419,294,67,227
77420,835,1580,-745
77422,4955,742,4213
77423,4177,2910,1267
77426,788,12626,-11838
77428,0,15567,-15567
77429,29886,2981,26905
77430,665,2620,-1955
77431,241,4929,-4688
77432,0,4090,-4090
77433,30506,3014,27492
77434,1256,525,731
77435,1484,1748,-264
77436,0,4835,-4835
77437,6580,6867,-287
77440,51,1074,-1023
77441,7108,527,6581
77442,252,2725,-2473
77443,62,1012,-950
77444,309,22845,-22536
77445,5398,97,5301
77446,650,934,-284
77447,5964,331,5633
77448,72,18566,-18494
77449,37043,11427,25616
77450,24737,22018,2719
77451,193,3653,-3460
77453,50,153,-103
77454,0,288,-288
77455,679,547,132
77456,366,115,251
77457,257,5296,-5039
77458,36,39,-3
77459,24974,17433,7541
77460,33,3534,-3501
77461,3878,7967,-4089
77464,164,9062,-8898
77465,2638,21082,-18444
77466,190,9374,-9184
77467,0,0,0
77468,0,8576,-8576
77469,19346,440,18906
77470,178,3999,-3821
77471,14862,2939,11923
77473,13,11173,-11160
77474,5607,5571,36
77475,331,2135,-1804
77476,99,5364,-5265
77477,12850,12723,127
77478,8777,9586,-809
77479,28515,12400,16115
77480,2851,3377,-526
77481,116,11983,-11867
77482,498,4555,-4057
77483,133,3133,-3000
77484,4524,7064,-2540
77485,1464,7131,-5667
77486,2682,2872,-190
77488,5241,4369,872
77489,12720,4174,8546
77493,14876,5429,9447
77494,40280,18727,21553
77498,16423,315,16108
77502,10845,13157,-2312
77503,8005,24206,-16201
77504,9064,10808,-1744
77505,7848,5203,2645
77506,10434,15536,-5102
77507,240,13975,-13735
77510,5214,10980,-5766
77511,16869,7715,9154
77514,2106,7140,-5034
77515,11596,18127,-6531
77517,2126,5649,-3523
77518,3544,4260,-716
77519,232,10528,-10296
77520,12833,17525,-4692
77521,21895,19935,1960
77523,8554,7162,1392
77530,9052,100,8952
77531,6005,632,5373
77532,10710,72,10638
77533,379,377,2
77534,902,261,641
77535,10551,1185,9366
77536,11485,559,10926
77538,276,2451,-2175
77539,16961,31,16930
77541,6523,99,6424
77545,8199,75,8124
77546,18608,2585,16023
77547,2671,14777,-12106
77550,10940,0,10940
77551,9311,419,8892
77554,4212,17,4195
77555,0,15115,-15115
77560,339,76,263
77561,8,4245,-4237
77562,3565,330,3235
77563,4162,16,4146
77564,634,608,26
77565,2948,590,2358
77566,11295,257,11038
77568,7287,89,7198
77571,13157,760,12397
77573,34240,742,33498
77575,5602,135,5467
77577,480,391,89
77578,8103,55,8048
77580,0,227,-227
77581,17078,60,17018
77582,174,248,-74
77583,10883,598,10285
77584,29822,2512,27310
77585,422,368,54
77586,9040,227,8813
77587,4880,892,3988
77590,12764,1181,11583
77591,5687,2934,2753
77597,174,136,38
77598,12214,265,11949
77611,3375,4834,-1459
77612,3591,374,3217
77613,385,1854,-1469
77614,247,271,-24
77615,133,141,-8
77616,84,932,-848
77617,32,22,10
77619,5964,309,5655
77622,509,484,25
77623,290,2093,-1803
77624,238,3188,-2950
77625,3014,670,2344
77627,8654,1865,6789
77629,336,286,50
77630,10432,103,10329
77632,8034,89,7945
77640,6716,522,6194
77642,13526,5364,8162
77650,1116,622,494
77651,4900,176,4724
77655,163,122,41
77656,6102,306,5796
77657,7951,797,7154
77659,1901,1401,500
77660,419,7367,-6948
77661,139,0,139
77662,9543,203,9340
77663,386,568,-182
77664,912,41,871
77665,2008,3336,-1328
77701,4610,142,4468
77702,1470,34,1436
77703,4333,1686,2647
77705,10760,5158,5602
77706,12857,454,12403
77707,6293,35,6258
77708,5256,16,5240
77713,5620,247,5373
77801,5879,1695,4184
77802,10993,2012,8981
77803,9635,355,9280
77807,4332,584,3748
77808,5531,1175,4356
77830,1125,380,745
77831,1134,454,680
77833,10945,240,10705
77835,1318,6335,-5017
77836,4696,175,4521
77837,596,8,588
77840,19972,453,19519
77843,0,34,-34
77845,27033,176,26857
77852,0,21,-21
77853,471,453,18
77855,21,0,21
77856,1608,305,1303
77857,401,204,197
77859,2839,104,2735
77861,841,219,622
77863,29,920,-891
77864,2535,7903,-5368
77865,704,1091,-387
77866,0,3661,-3661
77867,97,9085,-8988
77868,5467,173,5294
77871,1188,1234,-46
77872,755,247,508
77873,515,1371,-856
77875,12,188,-176
77876,55,859,-804
77878,236,787,-551
77879,2197,23,2174
77880,905,831,74
77882,14,290,-276
77901,14916,1908,13008
77904,11118,33,11085
77905,6307,446,5861
77950,73,7,66
77951,564,48,516
77954,3348,1044,2304
77957,3070,761,2309
77960,37,515,-478
77961,133,162,-29
77962,1124,1198,-74
77963,1888,3917,-2029
77964,3165,3707,-542
77968,1117,2554,-1437
77969,60,0,60
77970,111,11304,-11193
77971,297,10349,-10052
77973,11,5090,-5079
77974,190,19359,-19169
77975,646,6945,-6299
77976,19,442,-423
77977,273,6481,-6208
77978,188,4171,-3983
77979,6237,2828,3409
77982,433,3426,-2993
77983,877,2421,-1544
77984,1625,81,1544
77986,9,361,-352
77987,79,1174,-1095
77988,44,563,-519
77990,331,178,153
77991,90,63,27
77993,42,4,38
77994,132,77,55
77995,3887,28,3859
78001,0,1559,-1559
78002,2447,83,2364
78003,3679,185,3494
78004,177,74,103
78005,828,23,805
78006,14831,1001,13830
78007,42,21,21
78008,121,257,-136
78009,2653,838,1815
78010,1535,20,1515
78011,578,709,-131
78012,109,527,-418
78013,2156,33,2123
78014,1531,1396,135
78015,7364,196,7168
78016,3508,154,3354
78017,941,475,466
78019,420,5,415
78021,3,45,-42
78022,1576,248,1328
78023,9465,1244,8221
78024,514,310,204
78025,2143,527,1616
78026,2520,31,2489
78027,169,3680,-3511
78028,16905,779,16126
78029,0,1929,-1929
78039,875,1,874
78040,11316,863,10453
78041,14740,0,14740
78043,12728,1230,11498
78044,134,32,102
78045,19986,4186,15800
78046,16935,5915,11020
78050,173,2541,-2368
78052,1998,186,1812
78055,754,536,218
78056,862,29,833
78057,496,321,175
78058,387,856,-469
78059,1996,2395,-399
78061,2588,116,2472
78062,0,521,-521
78063,3749,3,3746
78064,5190,765,4425
78065,3583,1616,1967
78066,245,820,-575
78067,186,406,-220
78069,1897,898,999
78070,6718,4151,2567
78071,1008,1722,-714
78072,122,3175,-3053
78073,2770,465,2305
78074,44,231,-187
78075,94,45,49
78076,4191,651,3540
78101,3188,484,2704
78102,7087,429,6658
78104,31,1275,-1244
78107,220,48,172
78108,13889,74,13815
78109,16409,95,16314
78111,0,191,-191
78112,3151,98,3053
78113,1095,398,697
78114,8002,1984,6018
78116,116,2899,-2783
78117,301,5514,-5213
78118,1241,3407,-2166
78119,1822,24,1798
78121,4755,7373,-2618
78122,157,3866,-3709
78123,1028,3030,-2002
78124,2574,5694,-3120
78125,10,8439,-8429
78130,32258,7724,24534
78132,12813,6423,6390
78133,8912,12675,-3763
78140,1240,12983,-11743
78141,347,16118,-15771
78142,34,1313,-1279
78143,55,502,-447
78144,18,59,-41
78145,26,1174,-1148
78146,211,144,67
78147,546,349,197
78148,8170,509,7661
78150,0,2993,-2993
78151,612,438,174
78152,926,2267,-1341
78154,14512,98,14414
78155,18594,70,18524
78159,306,47,259
78160,1775,984,791
78161,196,1604,-1408
78162,132,884,-752
78163,5141,405,4736
78164,1390,88,1302
78201,17249,294,16955
78202,4245,546,3699
78203,2285,188,2097
78204,4727,421,4306
78205,1118,210,908
78207,16488,98,16390
78208,1817,60,1757
78209,19257,1704,17553
78210,12187,51,12136
78211,9702,75,9627
78212,11670,75,11595
78213,16940,67,16873
78214,8174,284,7890
78215,2121,393,1728
78216,19294,178,19116
78217,14597,643,13954
78218,13630,758,12872
78219,5524,334,5190
78220,5635,95,5540
78221,13185,5620,7565
78222,7884,1415,6469
78223,19398,4897,14501
78224,6231,49,6182
78225,5173,221,4952
78226,2324,1425,899
78227,15192,452,14740
78228,19593,87,19506
78229,16492,174,16318
78230,19217,1296,17921
78231,3841,7372,-3531
78232,15202,8066,7136
78233,17579,8242,9337
78234,945,11788,-10843
78235,1156,9721,-8565
78236,470,545,-75
78237,12450,0,12450
78238,10306,9338,968
78239,9892,7139,2753
78240,24089,12159,11930
78242,10105,6648,3457
78243,0,13424,-13424
78244,11958,229,11729
78245,28417,5183,23234
78247,18466,335,18131
78248,5717,191,5526
78249,21969,10589,11380
78250,19931,81,19850
78251,21540,1495,20045
78252,4121,66,4055
78253,19330,811,18519
78254,22486,4012,18474
78255,6020,121,5899
78256,4799,330,4469
78257,4881,106,4775
78258,18077,172,17905
78259,9940,131,9809
78260,11365,417,10948
78261,8515,2310,6205
78263,1877,48,1829
78264,3926,92,3834
78266,2706,785,1921
78330,216,35,181
78332,8913,62,8851
78336,4533,3289,1244
78338,0,738,-738
78339,135,0,135
78340,189,11038,-10849
78341,383,15932,-15549
78342,74,11249,-11175
78343,1632,6802,-5170
78344,139,2651,-2512
78347,24,1795,-1771
78349,161,0,161
78351,183,2882,-2699
78352,51,68,-17
78353,175,332,-157
78355,2345,217,2128
78357,878,93,785
78358,493,1301,-808
78359,634,41,593
78360,0,82,-82
78361,1423,170,1253
78362,3805,362,3443
78363,10901,1526,9375
78368,3534,3235,299
78369,77,5,72
78370,1635,104,1531
78371,49,3605,-3556
78372,1577,1629,-52
78373,1552,202,1350
78374,6811,2184,4627
78375,1067,612,455
78376,93,286,-193
78377,946,1044,-98
78379,649,1544,-895
78380,8442,54,8388
78382,8306,37,8269
78383,1715,418,1297
78384,1481,3100,-1619
78385,48,174,-126
78387,3247,460,2787
78389,694,743,-49
78390,1895,69,1826
78391,50,850,-800
78393,686,3747,-3061
78401,1573,8555,-6982
78402,116,6344,-6228
78404,6009,11239,-5230
78405,5216,8007,-2791
78406,370,998,-628
78407,625,16536,-15911
78408,3953,526,3427
78409,854,676,178
78410,9418,28339,-18921
78411,9118,12938,-3820
78412,15606,55,15551
78413,14357,0,14357
78414,17224,2797,14427
78415,14095,20096,-6001
78416,5329,15380,-10051
78417,1392,10368,-8976
78418,12068,12862,-794
78419,176,10253,-10077
78501,21666,8086,13580
78503,6254,6156,98
78504,18738,6782,11956
78516,10016,34906,-24890
78520,18844,14080,4764
78521,26194,0,26194
78526,16374,8264,8110
78535,253,13639,-13386
78536,134,14527,-14393
78537,13667,10315,3352
78538,2840,2528,312
78539,13310,13052,258
78540,0,16082,-16082
78541,14304,18240,-3936
78542,21034,24855,-3821
78543,2566,17428,-14862
78545,205,21457,-21252
78547,185,14433,-14248
78548,456,12868,-12412
78549,295,3225,-2930
78550,18778,757,18021
78552,13416,17635,-4219
78557,3746,12594,-8848
78558,187,13187,-13000
78559,4185,5305,-1120
78560,1359,107,1252
78561,213,99,114
78562,513,10806,-10293
78563,55,12373,-12318
78564,13,5780,-5767
78565,52,12582,-12530
78566,6934,11101,-4167
78567,100,175,-75
78569,1247,75,1172
78570,9137,1854,7283
78572,24561,889,23672
78573,11363,9903,1460
78574,16238,426,15812
78575,1665,1566,99
78576,3048,4050,-1002
78577,23279,7958,15321
78578,4038,5811,-1773
78579,902,8738,-7836
78580,3305,11563,-8258
78582,12139,11688,451
78583,2035,9272,-7237
78584,5253,1418,3835
78585,0,1080,-1080
78586,14410,1913,12497
78588,48,12711,-12663
78589,10970,7078,3892
78590,127,11903,-11776
78591,146,18497,-18351
78592,173,6895,-6722
78593,1407,3400,-1993
78594,516,13723,-13207
78595,1999,16285,-14286
78596,11323,14128,-2805
78597,1118,9903,-8785
78598,70,10290,-10220
78599,8519,51,8468
78602,11077,6668,4409
78605,2588,895,1693
78606,2621,19884,-17263
78607,67,1311,-1244
78608,114,1750,-1636
78609,841,362,479
78610,14937,10365,4572
78611,4728,6623,-1895
78612,5655,13160,-7505
78613,32007,12065,19942
78614,184,11933,-11749
78615,523,11951,-11428
78616,2462,8139,-5677
78617,7662,11652,-3990
78618,129,15127,-14998
78619,2159,14572,-12413
78620,6538,8466,-1928
78621,8103,10680,-2577
78622,134,7818,-7684
78623,564,3132,-2568
78624,9794,11307,-1513
78626,12337,19395,-7058
78628,14334,14886,-552
78629,4518,12790,-8272
78631,1018,9214,-8196
78632,559,6528,-5969
78633,12911,7832,5079
78634,13271,12781,490
78635,104,14415,-14311
78636,1613,13309,-11696
78638,769,16733,-15964
78639,3291,3824,-533
78640,21074,16066,5008
78641,26921,8683,18238
78642,6010,16496,-10486
78643,2714,10244,-7530
78644,6381,3485,2896
78645,6099,5795,304
78648,2980,9167,-6187
78650,781,3851,-3070
78652,1632,10904,-9272
78653,8868,10900,-2032
78654,7242,6983,259
78655,1336,13489,-12153
78656,883,7800,-6917
78657,3018,11297,-8279
78658,35,0,35
78659,1151,0,1151
78660,37699,0,37699
78661,104,0,104
78662,1074,10594,-9520
78663,291,11682,-11391
78664,22089,10791,11298
78665,21317,11159,10158
78666,31811,7320,24491
78669,4097,67,4030
78670,64,16119,-16055
78671,334,7443,-7109
78672,455,0,455
78674,47,341,-294
78675,92,3460,-3368
78676,6473,1962,4511
78677,0,52,-52
78681,19661,3771,15890
78701,6096,84,6012
78702,11093,63,11030
78703,10865,303,10562
78704,26619,188,26431
78705,8910,15,8895
78712,0,3481,-3481
78717,12736,30,12706
78719,588,3116,-2528
78721,4130,242,3888
78722,3048,157,2891
78723,14496,9684,4812
78724,7611,1022,6589
78725,3503,1041,2462
78726,5769,1375,4394
78727,13304,493,12811
78728,12665,1486,11179
78729,14329,630,13699
78730,3997,68,3929
78731,13148,352,12796
78732,7102,234,6868
78733,3076,1336,1740
78734,9164,25,9139
78735,8644,463,8181
78736,3854,245,3609
78737,7610,432,7178
78738,10467,241,10226
78739,6574,934,5640
78741,21432,2827,18605
78742,307,63,244
78744,17126,6025,11101
78745,28447,1439,27008
78746,10661,1031,9630
78747,7143,169,6974
78748,22407,172,22235
78749,15372,1548,13824
78750,11634,0,11634
78751,8550,36,8514
78752,9755,26,9729
78753,22306,90,22216
78754,10990,150,10840
78756,4389,287,4102
78757,11082,18,11064
78758,22641,553,22088
78759,21605,299,21306
78801,7092,539,6553
78802,0,268,-268
78827,382,6873,-6491
78828,64,34,30
78829,272,164,108
78830,197,2932,-2735
78832,1039,15690,-14651
78833,367,12736,-12369
78834,2293,16795,-14502
78836,30,173,-143
78837,88,0,88
78838,60,931,-871
78839,2830,4123,-1293
78840,15985,1541,14444
78841,0,390,-390
78842,0,6715,-6715
78843,15,4546,-4531
78850,287,410,-123
78851,45,12458,-12413
78852,17349,13327,4022
78860,0,19389,-19389
78861,4448,17871,-13423
78870,280,6485,-6205
78871,9,1259,-1250
78872,292,36,256
78873,470,3956,-3486
78877,341,1197,-856
78879,70,807,-737
78880,475,15979,-15504
78881,592,17974,-17382
78883,135,2111,-1976
78884,461,1192,-731
78885,38,1902,-1864
78886,138,0,138
78931,83,318,-235
78932,181,24,157
78933,597,238,359
78934,2234,3198,-964
78935,388,7463,-7075
78938,88,10819,-10731
78940,821,8927,-8106
78941,1073,3874,-2801
78942,3245,988,2257
78943,191,293,-102
78944,295,171,124
78945,4019,2827,1192
78946,381,5709,-5328
78947,1683,4236,-2553
78948,262,41,221
78949,184,336,-152
78950,871,296,575
78951,0,16038,-16038
78953,508,20522,-20014
78954,506,3242,-2736
78956,1784,1465,319
78957,3747,1044,2703
78959,674,1064,-390
78962,1756,1523,233
78963,215,342,-127
79001,54,117,-63
79002,24,586,-562
79003,75,1613,-1538
79005,604,187,417
79007,4520,338,4182
79008,0,825,-825
79009,562,5863,-5301
79010,61,322,-261
79011,88,1208,-1120
79012,0,32,-32
79013,981,101,880
79014,1337,2761,-1424
79015,7923,160,7763
79016,0,106,-106
79018,136,339,-203
79019,680,267,413
79021,32,626,-594
79022,3415,191,3224
79024,135,1089,-954
79025,4,178,-174
79027,1534,245,1289
79029,4942,622,4320
79031,460,38,422
79032,44,348,-304
79033,22,113,-91
79034,181,489,-308
79035,1906,232,1674
79036,1781,65,1716
79039,308,11,297
79040,642,188,454
79041,1102,122,980
79042,440,131,309
79043,500,6581,-6081
79044,259,79,180
79045,6031,31,6000
79046,222,97,125
79051,0,1362,-1362
79052,498,1939,-1441
79053,11,60,-49
79054,190,85,105
79056,37,129,-92
79057,480,182,298
79058,0,1913,-1913
79059,264,2279,-2015
79061,101,648,-547
79062,97,542,-445
79063,248,67,181
79064,788,803,-15
79065,7219,1640,5579
79066,6,399,-393
79068,1261,2011,-750
79070,3489,9400,-5911
79072,8396,121,8275
79073,4,361,-357
79078,50,319,-269
79079,1011,418,593
79080,159,99,60
79081,1166,97,1069
79082,82,103,-21
79083,714,185,529
79084,530,358,172
79085,0,1098,-1098
79086,1105,2701,-1596
79087,286,79,207
79088,1793,7019,-5226
79091,17,228,-211
79092,481,274,207
79093,39,116,-77
79094,8,293,-285
79095,976,413,563
79096,714,457,257
79097,413,263,150
79098,177,110,67
79101,1195,30,1165
79102,4206,4424,-218
79103,3731,361,3370
79104,2288,2803,-515
79106,11800,6539,5261
79107,10960,9994,966
79108,4350,7380,-3030
79109,18539,15067,3472
79110,6949,12081,-5132
79111,457,4974,-4517
79118,9883,14805,-4922
79119,8402,11077,-2675
79121,2511,10539,-8028
79124,4189,63,4126
79201,2091,0,2091
79220,62,7655,-7593
79223,19,12965,-12946
79225,283,12282,-11999
79226,968,18350,-17382
79227,495,10866,-10371
79229,123,13271,-13148
79230,36,6418,-6382
79231,0,9146,-9146
79233,40,9227,-9187
79234,30,1382,-1352
79235,1151,1964,-813
79236,75,489,-414
79237,204,312,-108
79239,63,461,-398
79240,26,146,-120
79241,688,341,347
79243,9,15,-6
79244,293,0,293
79245,895,1466,-571
79247,20,11832,-11812
79248,610,5673,-5063
79250,466,10386,-9920
79251,17,12400,-12383
79252,979,4424,-3445
79255,213,10648,-10435
79256,115,4217,-4102
79257,346,537,-191
79258,31,466,-435
79259,14,5,9
79261,122,477,-355
79311,1402,481,921
79312,319,36,283
79313,574,424,150
79314,39,57,-18
79316,3655,154,3501
79322,671,38,633
79323,2475,101,2374
79324,12,364,-352
79325,596,0,596
79326,3,659,-656
79329,1227,353,874
79330,41,294,-253
79331,3998,30,3968
79336,5917,149,5768
79339,2373,32,2341
79342,121,586,-465
79343,567,132,435
79344,0,4058,-4058
79345,304,3849,-3545
79346,811,1507,-696
79347,1941,764,1177
79350,218,184,34
79351,498,365,133
79353,8,57,-49
79355,624,243,381
79356,1649,617,1032
79357,757,141,616
79358,445,2447,-2002
79359,1238,818,420
79360,5013,127,4886
79363,2137,823,1314
79364,2785,201,2584
79366,457,189,268
79367,231,37,194
79369,38,5024,-4986
79370,525,36,489
79371,630,56,574
79372,504,1874,-1370
79373,1080,473,607
79376,19,346,-327
79377,78,330,-252
79378,74,5473,-5399
79379,181,880,-699
79380,23,87,-64
79381,504,3075,-2571
79382,3115,322,2793
79383,22,60,-38
79401,3782,1243,2539
79402,0,96,-96
79403,5783,36,5747
79404,3375,68,3307
79406,0,366,-366
79407,9340,612,8728
79410,4345,1117,3228
79411,3076,377,2699
79412,5732,93,5639
79413,8756,2086,6670
79414,8436,38,8398
79415,6285,949,5336
79416,13587,476,13111
79423,15931,300,15631
79424,20086,2659,17427
79501,1193,275,918
79502,414,4324,-3910
79503,79,148,-69
79504,1103,499,604
79505,81,595,-514
79506,288,515,-227
79508,445,556,-111
79510,2906,117,2789
79511,415,4045,-3630
79512,1964,160,1804
79517,66,2768,-2702
79518,22,10923,-10901
79519,48,51,-3
79520,986,132,854
79521,1238,95,1143
79525,1068,822,246
79526,360,1500,-1140
79527,103,433,-330
79528,214,2524,-2310
79529,470,0,470
79530,220,3948,-3728
79532,233,0,233
79533,218,25,193
79534,73,659,-586
79535,70,320,-250
79536,1937,513,1424
79537,21,36,-15
79538,66,41,25
79539,82,1822,-1740
79540,21,35,-14
79541,453,354,99
79543,490,36,454
79544,170,136,34
79545,742,15,727
79546,696,52,644
79547,345,1807,-1462
79548,62,197,-135
79549,5500,12053,-6553
79553,1322,3069,-1747
79556,4698,160,4538
79560,54,5955,-5901
79561,252,2235,-1983
79562,1450,518,932
79563,424,50,374
79565,75,916,-841
79566,72,290,-218
79567,1101,1761,-660
79601,7748,8,7740
79602,9454,121,9333
79603,8755,112,8643
79605,11493,472,11021
79606,11330,85,11245
79607,883,9339,-8456
79699,0,4497,-4497
79701,10769,697,10072
79703,8071,18,8053
79705,16635,2362,14273
79706,10450,809,9641
79707,14786,5186,9600
79713,272,711,-439
79714,6263,1643,4620
79718,194,270,-76
79719,135,687,-552
79720,11564,444,11120
79721,0,1828,-1828
79730,47,41,6
79731,1557,437,1120
79733,123,1618,-1495
79734,946,71,875
79735,4359,257,4102
79738,71,228,-157
79739,372,1078,-706
79741,113,367,-254
79742,230,90,140
79743,96,2360,-2264
79744,489,9628,-9139
79745,2334,5957,-3623
79748,72,11542,-11470
79749,168,3962,-3794
79752,828,4833,-4005
79754,33,6186,-6153
79755,37,5209,-5172
79756,3533,5475,-1942
79758,823,0,823
79759,0,454,-454
79761,12448,839,11609
79762,15322,273,15049
79763,12967,2343,10624
79764,9088,720,8368
79765,7788,5850,1938
79766,3165,183,2982
79769,0,4378,-4378
79770,0,0,0
79772,3868,1195,2673
79776,0,3774,-3774
79777,55,2447,-2392
79778,537,5342,-4805
79780,11,534,-523
79781,57,4886,-4829
79782,1608,329,1279
79783,94,2814,-2720
79785,13,3432,-3419
79788,330,0,330
79789,389,2414,-2025
79821,1716,2187,-471
79830,3887,74,3813
79832,0,1040,-1040
79834,163,66,97
79835,4001,1550,2451
79836,2405,46,2359
79837,84,317,-233
79838,1992,352,1640
79839,454,62,392
79842,289,2343,-2054
79843,1064,991,73
79845,1104,98,1006
79846,27,4432,-4405
79847,30,1585,-1555
79848,381,26,355
79849,3840,411,3429
79851,136,13,123
79852,307,134,173
79853,880,2810,-1930
79854,64,14926,-14862
79855,617,0,617
79901,3516,7776,-4260
79902,8724,12405,-3681
79903,6125,121,6004
79904,11609,5,11604
79905,7866,0,7866
79906,1569,543,1026
79907,16389,299,16090
79908,1098,189,909
79911,2854,5,2849
79912,29596,0,29596
79915,13119,64,13055
79916,0,11,-11
79918,0,23,-23
79920,0,7823,-7823
79922,2686,6797,-4111
79924,20922,0,20922
79925,14788,0,14788
79927,12952,612,12340
79928,21374,128,21246
79930,10479,0,10479
79932,9682,262,9420
79934,9565,2783,6782
79935,6466,169,6297
79936,35736,193,35543
79938,26423,224,26199
80002,9168,530,8638
80003,14298,62,14236
80004,14691,56,14635
80005,11210,17,11193
80007,6074,171,5903
80010,13913,85,13828
80011,17454,457,16997
80012,18865,13,18852
80013,25850,793,25057
80014,18468,92,18376
80015,24088,48,24040
80016,21874,3991,17883
80017,14037,22,14015
80018,4701,59,4642
80019,1390,293,1097
80020,20733,3312,17421
80021,15839,262,15577
80022,17427,42,17385
80023,9321,82,9239
80024,18,125,-107
80025,15,344,-329
80026,13439,387,13052
80027,13086,115,12971
80030,6634,1124,5510
80031,14219,15,14204
80033,12488,221,12267
80045,698,0,698
80101,208,155,53
80102,2169,3136,-967
80103,871,665,206
80104,12645,184,12461
80105,620,233,387
80106,1857,6433,-4576
80107,4843,260,4583
80108,10760,166,10594
80109,8945,27,8918
80110,9839,103,9736
80111,12677,1222,11455
80112,14946,27,14919
80113,10333,41,10292
80116,1749,1419,330
80117,928,106,822
80118,2270,382,1888
80120,13342,64,13278
80121,7134,4713,2421
80122,12632,115,12517
80123,19186,98,19088
80124,9286,327,8959
80125,4073,2128,1945
80126,15812,65,15747
80127,16950,7548,9402
80128,14335,131,14204
80129,11882,101,11781
80130,9357,898,8459
80131,119,425,-306
80132,9774,182,9592
80133,1069,177,892
80134,26038,5052,20986
80135,1501,464,1037
80136,1903,10904,-9001
80137,587,10215,-9628
80138,11737,6925,4812
80202,10497,37,10460
80203,15040,0,15040
80204,15339,3874,11465
80205,15924,117,15807
80206,13925,1371,12554
80207,8887,1687,7200
80209,13534,0,13534
80210,16401,346,16055
80211,18061,7,18054
80212,9767,34,9733
80214,11707,204,11503
80215,8568,605,7963
80216,5524,0,5524
80218,11649,13,11636
80219,22222,526,21696
80220,16401,2201,14200
80221,13892,126,13766
80222,11011,21,10990
80223,8688,112,8576
80224,8013,39,7974
80226,13469,0,13469
80227,15312,6939,8373
80228,14797,8261,6536
80229,19251,472,18779
80230,4840,1203,3637
80231,15965,142,15823
80232,9314,113,9201
80233,17154,803,16351
80234,11714,943,10771
80235,3887,656,3231
80236,6055,31,6024
80237,11300,770,10530
80238,10124,10583,-459
80239,13385,66,13319
80241,11834,203,11631
80246,7369,67,7302
80247,14878,3346,11532
80249,11655,149,11506
80260,12251,422,11829
80264,0,7,-7
80266,0,108,-108
80290,192,524,-332
80293,0,404,-404
80294,0,18,-18
80301,11750,20,11730
80302,12294,10842,1452
80303,11128,75,11053
80304,11072,146,10926
80305,6744,102,6642
80310,0,15,-15
80401,16535,4957,11578
80403,8435,399,8036
80419,0,301,-301
80420,328,48,280
80421,3373,4791,-1418
80422,1992,4,1988
80423,44,1198,-1154
80424,3727,70,3657
80425,73,671,-598
80426,46,1735,-1689
80427,375,10,365
80428,194,61,133
80430,55,118,-63
80432,159,77,82
80433,3557,5643,-2086
80434,14,30,-16
80435,2584,18,2566
80436,179,117,62
80438,372,1261,-889
80439,10271,73,10198
80440,1178,1150,28
80442,772,1613,-841
80443,1849,183,1666
80444,548,135,413
80446,1468,986,482
80447,975,287,688
80448,0,478,-478
80449,489,297,192
80451,305,311,-6
80452,1561,29,1532
80453,108,196,-88
80454,640,5,635
80455,213,137,76
80456,179,259,-80
80457,206,26,180
80459,836,77,759
80461,2651,1093,1558
80463,68,606,-538
80465,5927,14349,-8422
80466,1650,7218,-5568
80467,1004,132,872
80468,152,6882,-6730
80469,136,116,20
80470,1560,1038,522
80471,0,1928,-1928
80473,40,85,-45
80474,114,669,-555
80475,9,182,-173
80476,87,14,73
80478,520,253,267
80479,0,112,-112
80480,523,28,495
80481,236,8690,-8454
80482,620,39,581
80483,237,1130,-893
80487,7431,75,7356
80498,3347,183,3164
80501,17570,120,17450
80503,14591,29,14562
80504,21219,357,20862
80510,176,39,137
80512,853,703,150
80513,5929,402,5527
80514,2056,54,2002
80515,349,185,164
80516,11227,704,10523
80517,5071,43,5028
80520,670,97,573
80521,14179,758,13421
80524,15527,392,15135
80525,23060,597,22463
80526,18546,502,18044
80528,8083,1479,6604
80530,1820,72,1748
80532,107,1558,-1451
80534,6699,419,6280
80535,1092,244,848
80536,892,359,533
80537,19064,2937,16127
80538,20358,244,20114
80540,2103,171,1932
80542,1475,3082,-1607
80543,3065,1624,1441
80544,16,73,-57
80545,603,28,575
80546,70,57,13
80547,1991,26,1965
80549,4994,44,4950
80550,14320,430,13890
80601,13120,132,12988
80602,12446,18989,-6543
80603,5279,35,5244
80610,1311,189,1122
80611,274,36,238
80612,115,1343,-1228
80615,3376,412,2964
80620,6318,3762,2556
80621,4611,5702,-1091
80622,67,350,-283
80623,339,214,125
80624,334,26,308
80631,17183,664,16519
80634,22988,220,22768
80640,4471,331,4140
80642,1688,398,1290
80643,1256,1810,-554
80644,973,2301,-1328
80645,1636,1111,525
80646,0,4498,-4498
80648,415,686,-271
80649,197,655,-458
80650,633,1773,-1140
80651,1437,6,1431
80652,101,6605,-6504
80653,307,2328,-2021
80654,956,2192,-1236
80701,6104,495,5609
80705,356,286,70
80720,1028,530,498
80721,120,1154,-1034
80722,149,98,51
80723,2581,334,2247
80726,179,3958,-3779
80727,264,1198,-934
80728,384,504,-120
80729,197,5,192
80731,582,1718,-1136
80732,4,12421,-12417
80733,226,9508,-9282
80734,1119,8337,-7218
80735,145,4911,-4766
80736,218,156,62
80737,702,1038,-336
80740,35,183,-148
80741,388,1580,-1192
80742,129,264,-135
80743,477,19,458
80744,182,247,-65
80745,32,363,-331
80746,20,144,-124
80747,180,348,-168
80749,133,255,-122
80750,77,3,74
80751,6421,592,5829
80754,58,170,-112
80755,38,123,-85
80757,102,9646,-9544
80758,1375,5778,-4403
80759,1736,367,1369
80801,54,426,-372
80802,48,2357,-2309
80804,154,21,133
80805,149,672,-523
80807,1890,87,1803
80808,2441,338,2103
80809,436,253,183
80810,462,408,54
80812,114,145,-31
80813,742,1670,-928
80814,1801,0,1801
80815,360,168,192
80816,2998,54,2944
80817,10827,210,10617
80818,150,43,107
80819,393,141,252
80820,304,2935,-2631
80821,539,90,449
80822,114,25,89
80823,86,14161,-14075
80824,152,107,45
80825,162,784,-622
80826,0,337,-337
80827,322,424,-102
80828,846,316,530
80829,2573,118,2455
80830,46,2276,-2230
80831,9679,65,9614
80832,353,493,-140
80833,457,1581,-1124
80834,130,484,-354
80835,304,965,-661
80836,387,729,-342
80840,643,424,219
80860,232,50,182
80861,83,270,-187
80862,21,2479,-2458
80863,5023,225,4798
80864,565,315,250
80902,3300,71,3229
80903,7427,68,7359
80904,10552,374,10178
80905,8039,467,7572
80906,15068,439,14629
80907,12512,259,12253
80908,7111,238,6873
80909,16460,15,16445
80910,12705,16,12689
80911,12224,320,11904
80913,0,13175,-13175
80914,0,7640,-7640
80915,8438,406,8032
80916,14249,1029,13220
80917,13096,917,12179
80918,19196,356,18840
80919,11375,8013,3362
80920,13880,5973,7907
80921,8755,2679,6076
80922,10496,640,9856
80923,11670,698,10972
80924,4339,388,3951
80925,4261,400,3861
80926,708,334,374
80927,1638,1443,195
80928,277,708,-431
80929,29,554,-525
80930,557,131,426
80938,188,201,-13
80939,0,6386,-6386
80951,1649,46,1603
81001,12628,184,12444
81003,5774,2207,3567
81004,11169,1098,10071
81005,12975,1133,11842
81006,4406,12675,-8269
81007,11507,58,11449
81008,4844,3315,1529
81019,721,267,454
81020,489,16221,-15732
81021,3,7448,-7445
81022,518,783,-265
81023,642,218,424
81024,145,10068,-9923
81025,378,650,-272
81027,63,1574,-1511
81029,133,170,-37
81030,67,70,-3
81033,56,1998,-1942
81036,463,3484,-3021
81039,748,15,733
81040,125,2377,-2252
81041,242,222,20
81043,24,0,24
81044,67,3309,-3242
81045,37,1421,-1384
81046,0,68,-68
81047,617,15048,-14431
81049,96,9198,-9102
81050,4281,10907,-6626
81052,3340,7388,-4048
81054,1482,16020,-14538
81055,703,12023,-11320
81057,131,13604,-13473
81058,428,18227,-17799
81059,19,3530,-3511
81062,337,9657,-9320
81063,760,8681,-7921
81064,112,5465,-5353
81067,1878,2152,-274
81069,885,72,813
81071,84,246,-162
81073,774,546,228
81076,187,2900,-2713
81077,309,84,225
81081,89,63,26
81082,5121,130,4991
81084,40,616,-576
81087,69,613,-544
81089,1862,52,1810
81090,468,304,164
81091,378,10575,-10197
81092,301,12534,-12233
81101,5902,186,5716
81120,1061,953,108
81121,160,632,-472
81122,3432,126,3306
81123,346,95,251
81124,59,13,46
81125,1459,56,1403
81126,74,335,-261
81128,30,555,-525
81129,7,575,-568
81130,369,105,264
81131,604,7778,-7174
81132,1513,589,924
81133,422,1404,-982
81136,112,581,-469
81137,2250,115,2135
81138,24,98,-74
81140,797,71,726
81141,409,10800,-10391
81143,340,0,340
81144,2551,625,1926
81146,336,374,-38
81147,5437,555,4882
81148,137,76,61
81149,418,812,-394
81151,662,862,-200
81152,492,572,-80
81154,474,541,-67
81155,140,14110,-13970
81201,4119,969,3150
81210,184,2730,-2546
81211,3280,223,3057
81212,11622,5213,6409
81220,64,2451,-2387
81221,140,2797,-2657
81222,210,7537,-7327
81223,951,74,877
81224,1564,295,1269
81225,488,365,123
81226,2510,1555,955
81227,0,101,-101
81228,0,754,-754
81230,4189,265,3924
81232,23,809,-786
81233,434,45,389
81235,414,662,-248
81236,626,335,291
81237,48,91,-43
81239,116,10947,-10831
81240,1434,2587,-1153
81241,101,5075,-4974
81242,522,286,236
81243,38,197,-159
81244,219,15043,-14824
81248,74,212,-138
81251,144,5286,-5142
81252,1831,19097,-17266
81253,198,1292,-1094
81301,12202,24,12178
81303,3595,11360,-7765
81320,207,1352,-1145
81321,5775,340,5435
81323,2182,99,2083
81324,767,58,709
81325,71,5339,-5268
81326,1045,477,568
81327,200,263,-63
81328,1710,234,1476
81330,75,2981,-2906
81331,66,80,-14
81332,217,5274,-5057
81334,428,363,65
81335,33,112,-79
81401,9486,268,9218
81403,4557,2072,2485
81410,783,9238,-8455
81411,20,116,-96
81413,2265,242,2023
81415,783,7109,-6326
81416,5041,14714,-9673
81418,526,2433,-1907
81419,1324,12527,-11203
81422,217,7694,-7477
81423,699,4106,-3407
81424,509,244,265
81425,1880,11642,-9762
81426,71,1509,-1438
81427,526,2780,-2254
81428,1623,175,1448
81429,36,481,-445
81430,326,365,-39
81431,156,5036,-4880
81432,1403,442,961
81433,307,1029,-722
81434,86,11137,-11051
81435,2492,9377,-6885
81501,10534,3027,7507
81503,6066,203,5863
81504,11942,11712,230
81505,4962,126,4836
81506,5076,255,4821
81507,6471,9550,-3079
81520,5258,3802,1456
81521,5865,12589,-6724
81522,52,205,-153
81523,442,8680,-8238
81524,784,349,435
81525,498,171,327
81526,2193,64,2129
81527,688,13758,-13070
81601,5945,6408,-463
81610,100,97,3
81611,4218,9034,-4816
81612,31,81,-50
81615,1503,10749,-9246
81620,4037,247,3790
81621,2357,446,1911
81623,6024,11867,-5843
81624,493,150,343
81625,4935,103,4832
81630,415,3977,-3562
81631,2616,10456,-7840
81632,3641,8900,-5259
81633,0,7603,-7603
81635,2698,8937,-6239
81637,2875,13855,-10980
81638,34,8675,-8641
81639,1041,5871,-4830
81640,27,6174,-6147
81641,1578,2254,-676
81642,12,8661,-8649
81643,204,10481,-10277
81645,379,7289,-6910
81646,82,9240,-9158
81647,2371,13788,-11417
81648,899,13234,-12335
81649,99,8006,-7907
81650,4586,8492,-3906
81652,1972,5888,-3916
81653,0,530,-530
81654,518,1,517
81655,147,10192,-10045
81656,158,9812,-9654
81657,2327,10240,-7913
82001,16085,18824,-2739
82005,0,16730,-16730
82007,8736,13730,-4994
82009,14092,15385,-1293
82050,127,13965,-13838
82051,4,7844,-7840
82052,38,7578,-7540
82053,502,16,486
82054,270,0,270
82055,170,313,-143
82058,16,7912,-7896
82059,124,11,113
82060,149,227,-78
82061,0,94,-94
82063,47,456,-409
82070,8405,127,8278
82072,7111,155,6956
82073,12,1628,-1616
82081,28,253,-225
82082,738,1231,-493
82083,130,78,52
82084,42,293,-251
82190,219,2424,-2205
82201,2941,68,2873
82210,156,712,-556
82212,263,1102,-839
82213,188,2132,-1944
82214,515,721,-206
82215,70,14224,-14154
82217,32,231,-199
82218,6,544,-538
82219,10,474,-464
82221,244,254,-10
82222,62,513,-451
82223,373,56,317
82224,2,122,-120
82225,745,101,644
82227,118,2277,-2159
82229,0,865,-865
82240,3764,88,3676
82242,27,3378,-3351
82243,45,93,-48
82244,205,3455,-3250
82301,3296,164,3132
82310,12,1514,-1502
82321,243,1103,-860
82322,72,6707,-6635
82323,84,12408,-12324
82324,78,13146,-13068
82325,391,19206,-18815
82327,304,11071,-10767
82329,172,8290,-8118
82331,1082,4662,-3580
82332,23,1303,-1280
82334,226,428,-202
82335,0,638,-638
82336,81,0,81
82401,2997,50,2947
82410,780,211,569
82411,202,564,-362
82412,180,203,-23
82414,6881,128,6753
82420,233,577,-344
82421,130,488,-358
82422,0,1609,-1609
82423,84,988,-904
82426,1138,42,1096
82428,72,135,-63
82430,29,144,-115
82431,1086,3773,-2687
82432,147,91,56
82433,525,510,15
82434,28,878,-850
82435,4919,397,4522
82440,101,435,-334
82441,92,164,-72
82442,436,43,393
82443,2048,735,1313
82450,80,9985,-9905
82501,6946,11878,-4932
82510,245,9950,-9705
82512,158,431,-273
82513,791,85,706
82514,418,431,-13
82515,160,59,101
82516,135,1835,-1700
82520,4846,64,4782
82523,324,1621,-1297
82601,11183,292,10891
82604,10494,1058,9436
82609,8359,96,8263
82620,111,980,-869
82630,0,323,-323
82633,4042,376,3666
82635,43,576,-533
82636,1491,329,1162
82637,1599,146,1453
82638,17,222,-205
82639,273,82,191
82640,77,327,-250
82642,27,51,-24
82643,106,1063,-957
82644,766,190,576
82646,13,636,-623
82648,35,589,-554
82649,425,1114,-689
82701,1985,1757,228
82710,98,242,-144
82711,10,6422,-6412
82712,140,294,-154
82714,0,2215,-2215
82716,6783,1032,5751
82718,8789,2644,6145
82720,301,115,186
82721,1067,173,894
82723,71,10125,-10054
82725,102,409,-307
82727,679,8985,-8306
82729,1135,1944,-809
82730,801,121,680
82731,85,128,-43
82732,738,2845,-2107
82801,10771,61,10710
82831,104,170,-66
82832,510,110,400
82833,139,1136,-997
82834,3398,339,3059
82835,144,160,-16
82836,380,106,274
82837,13,68,-55
82838,235,21,214
82839,535,6656,-6121
82842,233,6796,-6563
82844,20,255,-235
82845,26,244,-218
82901,10225,442,9783
82922,169,418,-249
82923,276,408,-132
82925,162,76,86
82929,18,140,-122
82930,5629,75,5554
82932,301,29,272
82933,200,8,192
82934,56,71,-15
82935,4494,74,4420
82936,6,83,-77
82937,1171,98,1073
82938,99,4904,-4805
82939,583,2615,-2032
82941,1781,195,1586
82942,45,68,-23
82943,76,2521,-2445
82944,114,74,40
82945,62,8,54
83001,7296,82,7214
83011,104,1248,-1144
83012,41,447,-406
83013,65,349,-284
83014,1225,94,1131
83025,435,198,237
83101,1439,627,812
83110,1750,307,1443
83111,189,23,166
83112,186,1327,-1141
83113,833,59,774
83114,272,138,134
83115,116,416,-300
83116,328,210,118
83118,339,764,-425
83119,78,305,-227
83120,136,1041,-905
83121,0,142,-142
83122,184,121,63
83123,265,77,188
83124,51,1751,-1700
83126,178,56,122
83127,1515,283,1232
83128,502,13995,-13493
83201,13995,71,13924
83202,8313,72,8241
83203,13,570,-557
83204,7722,238,7484
83209,217,256,-39
83210,1362,144,1218
83211,2154,6330,-4176
83212,126,77,49
83213,450,341,109
83214,233,207,26
83215,28,371,-343
83217,320,11967,-11647
83218,151,3968,-3817
83220,44,1974,-1930
83221,9076,8236,840
83223,84,4783,-4699
83226,832,18592,-17760
83227,23,12305,-12282
83228,314,3259,-2945
83232,130,9617,-9487
83233,95,11431,-11336
83234,482,14114,-13632
83235,92,15074,-14982
83236,884,11933,-11049
83237,381,16830,-16449
83238,36,7286,-7250
83239,187,14780,-14593
83241,775,14940,-14165
83243,16,20688,-20672
83244,177,12318,-12141
83245,844,9308,-8464
83246,359,14781,-14422
83250,664,8003,-7339
83251,518,16796,-16278
83252,1736,7565,-5829
83253,22,26812,-26790
83254,1335,14342,-13007
83255,382,1615,-1233
83261,207,13080,-12873
83262,308,12881,-12573
83263,3218,8707,-5489
83271,106,15858,-15752
83272,84,12647,-12563
83274,3310,8652,-5342
83276,1392,16921,-15529
83277,61,2758,-2697
83278,197,12838,-12641
83281,3,10199,-10196
83283,54,14605,-14551
83285,7,10739,-10732
83286,434,2890,-2456
83287,117,5702,-5585
83301,22622,5654,16968
83302,83,13341,-13258
83311,244,2392,-2148
83312,46,5886,-5840
83313,1249,9280,-8031
83314,375,11778,-11403
83316,3969,692,3277
83318,6215,18060,-11845
83320,342,3208,-2866
83321,197,4836,-4639
83322,33,3803,-3770
83323,591,6932,-6341
83324,197,199,-2
83325,233,1000,-767
83327,267,10720,-10453
83328,2011,5712,-3701
83330,2355,10076,-7721
83332,1196,93,1103
83333,4333,14248,-9915
83334,886,11067,-10181
83335,632,486,146
83336,2015,1125,890
83337,17,348,-331
83338,6947,1068,5879
83340,2234,660,1574
83341,2498,1325,1173
83342,436,2469,-2033
83344,369,18113,-17744
83346,412,15314,-14902
83347,1141,11726,-10585
83348,32,20044,-20012
83349,420,18197,-17777
83350,4261,14825,-10564
83352,1210,16681,-15471
83353,503,14119,-13616
83354,10,15830,-15820
83355,1517,12880,-11363
83401,14702,7191,7511
83402,10529,12256,-1727
83404,8948,6939,2009
83406,6279,17679,-11400
83414,227,25050,-24823
83420,865,14824,-13959
83421,169,13648,-13479
83422,1106,16722,-15616
83423,249,14025,-13776
83424,28,12011,-11983
83425,162,8206,-8044
83427,730,17379,-16649
83428,237,7011,-6774
83429,380,18474,-18094
83431,320,15006,-14686
83433,28,1574,-1546
83434,622,12501,-11879
83435,210,11235,-11025
83436,228,9126,-8898
83438,64,16779,-16715
83440,10436,4676,5760
83442,7050,1046,6004
83443,368,348,20
83444,412,4755,-4343
83445,2245,10173,-7928
83446,20,21128,-21108
83448,772,20646,-19874
83449,92,17822,-17730
83450,324,6216,-5892
83451,327,13143,-12816
83452,849,11904,-11055
83454,77,12434,-12357
83455,2216,7717,-5501
83460,0,7042,-7042
83462,198,20089,-19891
83463,29,14130,-14101
83464,110,8833,-8723
83465,31,9206,-9175
83466,111,4242,-4131
83467,2776,9096,-6320
83468,71,2940,-2869
83469,0,24275,-24275
83501,14818,0,14818
83520,64,6689,-6625
83522,688,285,403
83523,358,1787,-1429
83524,410,267,143
83525,142,10747,-10605
83526,109,1155,-1046
83530,2238,567,1671
83533,76,13563,-13487
83535,444,100,344
83536,1845,9880,-8035
83537,418,747,-329
83539,848,202,646
83540,835,410,425
83541,488,9311,-8823
83542,74,155,-81
83543,260,804,-544
83544,2375,13655,-11280
83545,187,10250,-10063
83546,208,9095,-8887
83547,160,11,149
83548,44,643,-599
83549,288,34,254
83552,393,4971,-4578
83553,544,20229,-19685
83554,155,2588,-2433
83555,169,218,-49
83602,7,1257,-1250
83604,226,6725,-6499
83605,12489,5852,6637
83607,10712,17462,-6750
83610,372,92,280
83611,853,8583,-7730
83612,855,1666,-811
83615,325,2918,-2593
83616,12248,1868,10380
83617,6378,340,6038
83619,3258,116,3142
83622,948,1759,-811
83623,530,360,170
83624,575,2155,-1580
83626,420,27352,-26932
83627,230,17550,-17320
83628,1676,10113,-8437
83629,836,264,572
83631,552,8771,-8219
83632,162,19103,-18941
83633,239,16646,-16407
83634,9016,1574,7442
83636,104,11766,-11662
83637,130,9283,-9153
83638,2477,15740,-13263
83639,1153,11648,-10495
83641,1232,4243,-3011
83642,19115,6758,12357
83643,41,4379,-4338
83644,4616,11347,-6731
83645,280,7877,-7597
83646,24139,3892,20247
83647,8752,5124,3628
83648,748,435,313
83650,174,180,-6
83651,13180,1067,12113
83654,642,1028,-386
83655,1917,6,1911
83656,195,113,82
83657,55,1913,-1858
83660,2057,1257,800
83661,3687,9407,-5720
83666,31,677,-646
83669,4523,1392,3131
83670,224,980,-756
83672,3450,375,3075
83676,1827,6120,-4293
83677,55,873,-818
83686,18375,147,18228
83687,12317,1802,10515
83702,11329,605,10724
83703,7624,145,7479
83704,16506,314,16192
83705,12249,4082,8167
83706,14663,3188,11475
83709,20640,170,20470
83712,4147,561,3586
83713,11355,5760,5595
83714,10670,0,10670
83716,7687,156,7531
83720,0,515,-515
83725,0,353,-353
83801,2620,996,1624
83802,15,12182,-12167
83803,381,3588,-3207
83804,734,2286,-1552
83805,3047,521,2526
83806,78,526,-448
83808,46,13,33
83809,147,220,-73
83810,669,6522,-5853
83811,709,3670,-2961
83812,15,1972,-1957
83813,313,589,-276
83814,11604,1071,10533
83815,15027,192,14835
83821,107,352,-245
83822,917,7568,-6651
83823,639,1040,-401
83824,117,1419,-1302
83825,95,444,-349
83826,36,10,26
83827,70,1569,-1499
83830,144,14432,-14288
83832,657,540,117
83833,772,913,-141
83834,62,220,-158
83835,9101,7163,1938
83836,433,3252,-2819
83837,1305,714,591
83839,507,671,-164
83840,270,5113,-4843
83841,222,5982,-5760
83842,58,4447,-4389
83843,11385,62,11323
83844,22,3227,-3205
83845,876,2509,-1633
83846,357,13935,-13578
83847,533,24091,-23558
83848,74,16239,-16165
83849,895,77,818
83850,933,882,51
83851,640,25095,-24455
83852,562,17087,-16525
83854,16984,15712,1272
83855,810,16424,-15614
83856,2828,4655,-1827
83857,403,8590,-8187
83858,6249,15765,-9516
83860,2695,13416,-10721
83861,2647,16583,-13936
83864,7533,0,7533
83866,117,0,117
83867,221,0,221
83868,321,15170,-14849
83869,1825,3875,-2050
83870,126,1591,-1465
83871,862,8337,-7475
83872,235,7821,-7586
83873,722,12849,-12127
83874,34,9150,-9116
83876,679,10996,-10317
84001,199,14946,-14747
84002,105,13447,-13342
84003,14430,7966,6464
84004,2780,7624,-4844
84005,9731,7804,1927
84006,336,11271,-10935
84007,139,6448,-6309
84008,0,9311,-9311
84009,10682,5110,5572
84010,15337,6608,8729
84013,211,366,-155
84014,5688,17,5671
84015,21039,221,20818
84017,1487,19,1468
84018,74,301,-227
84020,14910,1018,13892
84021,1157,1522,-365
84022,224,66,158
84023,59,98,-39
84024,14,337,-323
84025,6758,3659,3099
84026,277,160,117
84027,221,95,126
84028,121,184,-63
84029,3528,1117,2411
84031,71,175,-104
84032,7204,2339,4865
84033,335,1273,-938
84034,49,2366,-2317
84035,256,961,-705
84036,2590,1475,1115
84037,10945,417,10528
84038,183,2435,-2252
84039,191,0,191
84040,8424,16482,-8058
84041,17664,12,17652
84042,3000,13614,-10614
84043,19629,177,19452
84044,8906,18,8888
84045,8721,24,8697
84046,138,324,-186
84047,15321,214,15107
84049,2238,557,1681
84050,3430,714,2716
84051,158,639,-481
84052,383,520,-137
84053,207,268,-61
84054,7206,2013,5193
84055,435,0,435
84056,998,65,933
84057,11920,488,11432
84058,10263,518,9745
84059,4377,422,3955
84060,3029,2013,1016
84061,159,539,-380
84062,13789,481,13308
84063,97,237,-140
84064,193,26,167
84065,14448,451,13997
84066,4176,3401,775
84067,12912,518,12394
84069,178,420,-242
84070,10741,1011,9730
84071,612,2845,-2233
84072,156,2446,-2290
84073,104,4408,-4304
84074,16301,24,16277
84075,8480,542,7938
84076,92,474,-382
84078,9369,9797,-428
84080,98,8653,-8555
84081,14098,8359,5739
84082,280,0,280
84083,386,12845,-12459
84084,10516,2484,8032
84085,92,659,-567
84086,164,883,-719
84087,4861,4340,521
84088,12432,6998,5434
84092,9087,1632,7455
84093,7720,2220,5500
84094,9366,10236,-870
84095,12578,4126,8452
84096,18672,254,18418
84097,6703,325,6378
84098,6304,748,5556
84101,3888,2376,1512
84102,9818,1584,8234
84103,11720,2256,9464
84104,7713,5722,1991
84105,9775,374,9401
84106,14994,215,14779
84107,15655,30,15625
84108,7549,3318,4231
84109,9011,9663,-652
84111,6854,6649,205
84112,236,7216,-6980
84113,0,10518,-10518
84114,0,10878,-10878
84115,11684,60,11624
84116,12109,4347,7762
84117,10306,6076,4230
84118,11518,3219,8299
84119,15966,192,15774
84120,13829,859,12970
84121,15503,70,15433
84123,13798,231,13567
84124,8361,75,8286
84128,8429,833,7596
84129,11854,20,11834
84138,0,261,-261
84150,0,2785,-2785
84180,0,967,-967
84301,262,13819,-13557
84302,8578,0,8578
84304,29,454,-425
84305,265,173,92
84306,124,373,-249
84307,367,2841,-2474
84308,93,1355,-1262
84309,144,2035,-1891
84310,1735,386,1349
84311,227,494,-267
84312,1579,227,1352
84313,13,1490,-1477
84314,348,726,-378
84315,2801,617,2184
84316,101,719,-618
84317,1036,1290,-254
84318,1435,485,950
84319,2758,256,2502
84320,765,507,258
84321,15261,261,15000
84322,0,372,-372
84324,297,352,-55
84325,663,271,392
84326,715,373,342
84327,247,777,-530
84328,468,8602,-8134
84329,44,3557,-3513
84330,134,181,-47
84331,91,211,-120
84332,2548,180,2368
84333,924,1274,-350
84334,64,541,-477
84335,4209,3,4206
84336,74,126,-52
84337,4611,1451,3160
84338,174,232,-58
84339,1562,5080,-3518
84340,1093,1140,-47
84341,8246,157,8089
84401,15301,142,15159
84403,13353,3572,9781
84404,21856,1002,20854
84405,11700,287,11413
84408,0,190,-190
84414,9607,575,9032
84501,4782,565,4217
84511,1332,1067,265
84512,215,131,84
84513,491,92,399
84515,0,111,-111
84516,35,15068,-15033
84518,301,0,301
84520,431,436,-5
84521,214,2571,-2357
84522,112,678,-566
84523,579,219,360
84525,324,161,163
84526,1763,167,1596
84528,982,273,709
84529,59,1328,-1269
84530,65,2417,-2352
84531,118,222,-104
84532,4392,366,4026
84533,43,16,27
84534,758,2018,-1260
84535,952,3530,-2578
84536,482,290,192
84537,412,299,113
84539,132,551,-419
84540,22,303,-281
84542,595,435,160
84601,11051,3791,7260
84602,82,152,-70
84604,11652,457,11195
84606,10178,72,10106
84620,402,70,332
84621,42,1925,-1883
84622,460,49,411
84623,20,144,-124
84624,1959,246,1713
84626,99,9041,-8942
84627,1815,5254,-3439
84628,227,19439,-19212
84629,1163,11932,-10769
84630,127,12829,-12702
84631,886,16268,-15382
84632,372,18229,-17857
84633,328,17827,-17499
84634,595,26152,-25557
84635,296,18983,-18687
84636,173,6039,-5866
84637,203,23131,-22928
84638,97,1351,-1254
84639,285,0,285
84640,66,22198,-22132
84642,1181,22296,-21115
84643,198,6922,-6724
84644,96,17404,-17308
84645,695,19080,-18385
84646,552,13046,-12494
84647,1404,6599,-5195
84648,2253,711,1542
84649,289,256,33
84651,7722,725,6997
84652,302,126,176
84653,2803,1360,1443
84654,941,30,911
84655,4016,286,3730
84656,119,323,-204
84657,164,537,-373
84660,12118,167,11951
84662,493,542,-49
84663,9904,43,9861
84664,2993,1338,1655
84665,180,824,-644
84667,111,446,-335
84701,2726,1862,864
84710,51,741,-690
84711,310,136,174
84712,63,231,-168
84713,1242,350,892
84714,269,719,-450
84715,170,15282,-15112
84716,167,3900,-3733
84718,124,6139,-6015
84719,30,329,-299
84720,7563,5276,2287
84721,8058,752,7306
84722,389,1442,-1053
84723,144,1715,-1571
84724,416,442,-26
84725,496,117,379
84726,382,3510,-3128
84728,20,429,-409
84729,125,558,-433
84730,230,426,-196
84731,9,114,-105
84732,18,8287,-8269
84733,151,14108,-13957
84734,137,5674,-5537
84735,49,17291,-17242
84736,99,7296,-7197
84737,7255,247,7008
84738,3713,817,2896
84739,183,104,79
84740,87,239,-152
84741,2538,644,1894
84742,137,136,1
84743,85,50,35
84744,78,97,-19
84745,1428,17,1411
84746,438,308,130
84747,389,646,-257
84749,86,392,-306
84750,190,1250,-1060
84751,592,167,425
84752,283,102,181
84753,0,42,-42
84754,1437,410,1027
84755,10,973,-963
84756,113,2001,-1888
84757,586,373,213
84758,176,199,-23
84759,672,6858,-6186
84760,333,56,277
84761,1086,334,752
84762,63,1083,-1020
84763,120,190,-70
84764,89,172,-83
84765,2343,485,1858
84766,66,275,-209
84767,227,7498,-7271
84770,16188,325,15863
84772,97,415,-318
84773,78,193,-115
84774,506,1743,-1237
84775,195,482,-287
84776,187,40,147
84779,264,936,-672
84780,9155,2401,6754
84781,116,256,-140
84782,235,503,-268
84783,444,233,211
84784,168,158,10
84790,17191,75,17116
85003,4282,978,3304
85004,4052,604,3448
85006,9286,164,9122
85007,5333,4394,939
85008,22582,0,22582
85009,14167,30,14137
85012,4183,253,3930
85013,10003,23,9980
85014,12757,427,12330
85015,15938,352,15586
85016,18082,206,17876
85017,11948,52,11896
85018,16966,583,16383
85019,7898,34,7864
85020,16169,7723,8446
85021,16273,831,15442
85022,23116,241,22875
85023,13599,40,13559
85024,10054,112,9942
85026,0,432,-432
85027,16102,240,15862
85028,7557,245,7312
85029,18414,130,18284
85031,8495,181,8314
85032,28279,0,28279
85033,16404,131,16273
85034,2331,44,2287
85035,15445,6,15439
85037,14939,203,14736
85040,10761,442,10319
85041,17994,73,17921
85042,14847,48,14799
85043,10796,19,10777
85044,17275,112,17163
85045,2609,3306,-697
85048,13195,330,12865
85050,11738,123,11615
85051,15641,365,15276
85053,11127,20,11107
85054,4201,607,3594
85083,6476,92,6384
85085,10265,0,10265
85086,15500,263,15237
85087,3366,45,3321
85118,6303,3320,2983
85119,10377,109,10268
85120,13622,256,13366
85121,640,256,384
85122,19441,140,19301
85123,3874,641,3233
85128,5062,91,4971
85131,3334,212,3122
85132,8913,371,8542
85135,141,580,-439
85137,908,86,822
85138,14714,230,14484
85139,6265,2714,3551
85140,14790,247,14543
85141,140,221,-81
85142,23923,12,23911
85143,12917,477,12440
85145,1124,162,962
85147,1237,703,534
85172,618,17,601
85173,1284,109,1175
85191,45,277,-232
85192,956,356,600
85193,1489,90,1399
85194,2966,14112,-11146
85201,21388,452,20936
85202,16480,0,16480
85203,13093,0,13093
85204,23207,10285,12922
85205,18992,9433,9559
85206,15656,2121,13535
85207,18678,54,18624
85208,14686,11464,3222
85209,17164,9048,8116
85210,15326,284,15042
85212,13299,5182,8117
85213,13172,400,12772
85215,7409,1074,6335
85224,20077,66,20011
85225,27448,128,27320
85226,16284,572,15712
85233,14552,185,14367
85234,17100,192,16908
85236,0,604,-604
85248,17310,8501,8809
85249,15533,52,15481
85250,8212,15,8197
85251,21337,68,21269
85253,7462,210,7252
85254,18581,134,18447
85255,17959,58,17901
85256,1380,503,877
85257,14674,127,14547
85258,12331,694,11637
85259,9650,1328,8322
85260,17996,1395,16601
85262,6010,377,5633
85263,1674,602,1072
85264,370,1032,-662
85266,5247,152,5095
85268,11048,5,11043
85281,26312,25,26287
85282,23101,48,23053
85283,19006,10,18996
85284,7070,77,6993
85286,16256,7776,8480
85295,17654,3451,14203
85296,16227,431,15796
85297,10276,699,9577
85298,13223,3939,9284
85301,22028,16567,5461
85302,14502,0,14502
85303,10001,73,9928
85304,9494,51,9443
85305,4631,9,4622
85306,8985,10,8975
85307,4005,179,3826
85308,24944,115,24829
85309,0,708,-708
85310,6758,74,6684
85320,249,68,181
85321,1607,501,1106
85322,186,33,153
85323,13468,24,13444
85324,1233,6315,-5082
85325,655,92,563
85326,19376,23,19353
85328,117,548,-431
85329,809,20,789
85331,12124,9985,2139
85332,810,11019,-10209
85333,236,6102,-5866
85334,558,12964,-12406
85335,11300,1636,9664
85336,3085,1264,1821
85337,799,633,166
85338,19110,11995,7115
85339,14482,2195,12287
85340,11398,41,11357
85341,16,733,-717
85342,854,299,555
85343,30,48,-18
85344,4304,48,4256
85345,22323,615,21708
85346,1341,4281,-2940
85347,180,4,176
85348,1261,44,1217
85349,6027,0,6027
85350,5730,91,5639
85351,17400,430,16970
85352,156,0,156
85353,11274,581,10693
85354,2432,14593,-12161
85355,3983,552,3431
85356,1896,1334,562
85357,311,115,196
85360,36,1010,-974
85361,2319,843,1476
85362,437,176,261
85363,2588,64,2524
85364,26634,0,26634
85365,18889,115,18774
85367,9894,407,9487
85371,131,974,-843
85373,9223,130,9093
85374,18619,1015,17604
85375,15811,75,15736
85377,1797,309,1488
85378,4018,999,3019
85379,14871,165,14706
85381,10433,14,10419
85382,17240,8,17232
85383,21972,98,21874
85387,6181,3772,2409
85388,10011,1123,8888
85390,4424,86,4338
85392,13267,131,13136
85395,12412,16,12396
85396,10599,132,10467
85501,5181,81,5100
85530,464,2034,-1570
85531,243,222,21
85532,111,61,50
85533,1132,0,1132
85534,931,2577,-1646
85535,0,37,-37
85536,160,27,133
85539,1207,32,1175
85540,1158,1289,-131
85541,10712,76,10636
85542,746,43,703
85543,1435,157,1278
85544,1419,114,1305
85545,377,0,377
85546,6231,14,6217
85550,1300,18,1282
85551,131,542,-411
85552,2069,56,2013
85553,883,67,816
85554,276,15,261
85601,330,189,141
85602,4131,903,3228
85603,3229,48,3181
85605,228,412,-184
85606,361,10793,-10432
85607,5519,471,5048
85608,0,146,-146
85609,195,6370,-6175
85610,311,301,10
85611,586,571,15
85613,882,125,757
85614,13132,6989,6143
85615,3781,11646,-7865
85616,2271,187,2084
85617,554,15053,-14499
85618,541,14186,-13645
85619,17,52,-35
85620,334,384,-50
85621,7482,922,6560
85622,3576,429,3147
85623,2304,937,1367
85624,672,61,611
85625,969,389,580
85626,353,0,353
85627,179,6327,-6148
85629,9152,3451,5701
85630,876,13536,-12660
85631,1609,18990,-17381
85632,384,12877,-12493
85633,12,110,-98
85634,1650,1322,328
85635,15395,449,14946
85637,464,492,-28
85638,793,6589,-5796
85639,104,654,-550
85640,43,232,-189
85641,9993,142,9851
85643,3087,8755,-5668
85645,627,1283,-656
85646,660,19127,-18467
85648,6669,55,6614
85650,5929,4577,1352
85653,6626,1782,4844
85654,0,18245,-18245
85658,6457,9088,-2631
85701,2939,7715,-4776
85704,15821,1150,14671
85705,24779,1556,23223
85706,18211,14342,3869
85707,0,13798,-13798
85708,1309,21210,-19901
85709,0,14174,-14174
85710,24664,8815,15849
85711,17570,12103,5467
85712,16437,23744,-7307
85713,16496,3627,12869
85714,5561,20697,-15136
85715,8581,9816,-1235
85716,15729,18076,-2347
85718,12747,23003,-10256
85719,18548,7779,10769
85721,0,19849,-19849
85723,0,9088,-9088
85724,0,23961,-23961
85726,0,16739,-16739
85730,15441,22396,-6955
85734,0,287,-287
85735,4060,14698,-10638
85736,1794,19207,-17413
85737,9666,11112,-1446
85739,8471,14704,-6233
85741,14053,11982,2071
85742,11516,10251,1265
85743,11768,4256,7512
85745,16314,10591,5723
85746,15645,9058,6587
85747,8791,9859,-1068
85748,8082,3446,4636
85749,7663,7661,2
85750,11659,9105,2554
85755,7731,7003,728
85756,11200,18561,-7361
85757,6448,14709,-8261
85901,7494,12146,-4652
85902,0,8876,-8876
85911,333,63,270
85912,98,3395,-3297
85920,293,9844,-9551
85922,44,9250,-9206
85923,229,750,-521
85924,892,13439,-12547
85925,1447,80,1367
85926,251,2349,-2098
85927,39,170,-131
85928,211,54,157
85929,3226,113,3113
85930,306,575,-269
85931,96,167,-71
85932,181,611,-430
85933,1373,269,1104
85934,236,0,236
85935,2003,5300,-3297
85936,928,0,928
85937,2786,54,2732
85938,873,9221,-8348
85939,1445,6571,-5126
85940,477,90,387
85941,2739,4479,-1740
85942,0,318,-318
86001,12703,118,12585
86003,29,184,-155
86004,13863,168,13695
86005,6607,1868,4739
86011,33,87,-54
86015,545,1570,-1025
86016,19,35,-16
86017,493,244,249
86018,333,67,266
86020,635,4486,-3851
86021,708,138,570
86022,752,296,456
86023,453,124,329
86024,485,279,206
86025,1686,65,1621
86028,15,2619,-2604
86029,27,96,-69
86030,278,13708,-13430
86031,646,6443,-5797
86032,578,9780,-9202
86033,2584,13139,-10555
86034,535,0,535
86035,572,721,-149
86036,88,406,-318
86038,39,4124,-4085
86039,537,340,197
86040,3777,1131,2646
86042,628,5849,-5221
86043,589,23,566
86044,1120,3271,-2151
86045,3300,686,2614
86046,2438,1233,1205
86047,4118,79,4039
86052,0,3532,-3532
86053,716,5245,-4529
86054,578,2135,-1557
86301,11194,17538,-6344
86303,9352,11601,-2249
86305,8549,12920,-4371
86313,0,4242,-4242
86314,15876,15256,620
86315,3689,690,2999
86320,1240,10018,-8778
86321,878,9156,-8278
86322,4308,3582,726
86323,8248,9359,-1111
86324,2375,12428,-10053
86325,2502,9574,-7072
86326,11417,0,11417
86327,4726,4480,246
86329,454,1893,-1439
86331,226,1881,-1655
86332,1030,7565,-6535
86333,2635,8132,-5497
86334,1773,4821,-3048
86335,2462,1894,568
86336,5647,155,5492
86337,747,884,-137
86338,261,22,239
86343,61,508,-447
86351,3407,78,3329
86401,11657,173,11484
86403,8197,138,8059
86404,8365,14,8351
86406,11683,508,11175
86409,12832,68,12764
86411,202,43,159
86413,4914,691,4223
86426,6588,1470,5118
86429,3968,12832,-8864
86431,189,11617,-11428
86432,1852,16399,-14547
86433,26,23101,-23075
86434,518,15224,-14706
86435,0,18404,-18404
86436,763,11361,-10598
86437,23,14085,-14062
86438,338,2109,-1771
86440,3255,21919,-18664
86441,924,9451,-8527
86442,14982,5030,9952
86443,0,3972,-3972
86444,786,6957,-6171
86445,129,17051,-16922
86502,300,9135,-8835
86503,3005,15300,-12295
86504,1599,23964,-22365
86505,1963,16808,-14845
86506,422,1492,-1070
86507,576,17071,-16495
86508,182,10814,-10632
86510,1323,17520,-16197
86511,951,20954,-20003
86512,714,25295,-24581
86514,873,21691,-20818
86515,994,14959,-13965
86520,706,13961,-13255
86535,343,11136,-10793
86538,554,12921,-12367
86540,228,12753,-12525
86544,356,25877,-25521
86545,340,13271,-12931
86547,266,18334,-18068
86556,560,16366,-15806
87001,1061,12252,-11191
87002,7501,11804,-4303
87004,4693,3308,1385
87005,67,9497,-9430
87006,305,19798,-19493
87007,309,16318,-16009
87008,1157,25526,-24369
87010,615,15312,-14697
87011,0,28793,-28793
87012,190,16459,-16269
87013,1557,11284,-9727
87014,259,16643,-16384
87015,5929,3769,2160
87016,1088,15764,-14676
87017,154,973,-819
87018,196,9563,-9367
87020,3430,7173,-3743
87021,917,9145,-8228
87022,217,13245,-13028
87023,182,10574,-10392
87024,615,14652,-14037
87025,629,24110,-23481
87026,1124,1470,-346
87027,157,12514,-12357
87028,49,13369,-13320
87029,160,0,160
87031,14324,0,14324
87032,92,3195,-3103
87034,705,0,705
87035,2301,33,2268
87036,584,0,584
87037,441,2797,-2356
87038,73,0,73
87040,146,24399,-24253
87041,319,8486,-8167
87042,1376,3569,-2193
87043,1909,5506,-3597
87044,73,12987,-12914
87045,488,11458,-10970
87046,74,7787,-7713
87047,1897,13354,-11457
87048,3673,6347,-2674
87049,68,7275,-7207
87051,424,13540,-13116
87052,548,12052,-11504
87053,345,6956,-6611
87056,496,16256,-15760
87059,4056,3410,646
87060,0,8856,-8856
87061,132,31533,-31401
87062,538,9320,-8782
87063,110,18161,-18051
87064,55,10366,-10311
87068,1904,15229,-13325
87070,9,0,9
87072,177,6935,-6758
87083,238,14089,-13851
87101,0,6445,-6445
87102,9798,8906,892
87104,5856,9412,-3556
87105,18886,15178,3708
87106,11909,16562,-4653
87107,12334,16003,-3669
87108,17128,23925,-6797
87109,18919,2468,16451
87110,18135,14003,4132
87111,25998,12523,13475
87112,18760,6705,12055
87113,6417,12245,-5828
87114,26615,10925,15690
87116,1384,7117,-5733
87117,0,6658,-6658
87120,25860,5923,19937
87121,25665,4313,21352
87122,6559,5544,1015
87123,18500,13686,4814
87124,21614,9678,11936
87144,16204,14097,2107
87151,0,14312,-14312
87301,7428,5556,1872
87305,601,17280,-16679
87310,288,11400,-11112
87311,1241,14013,-12772
87312,171,0,171
87313,1614,10726,-9112
87315,56,7953,-7897
87316,485,6498,-6013
87317,329,12078,-11749
87319,735,10499,-9764
87320,193,8605,-8412
87321,725,12356,-11631
87322,137,10189,-10052
87323,1388,5061,-3673
87325,672,15951,-15279
87326,591,20815,-20224
87327,1804,14332,-12528
87328,800,18866,-18066
87347,117,26972,-26855
87357,327,16455,-16128
87364,497,4360,-3863
87365,22,9368,-9346
87375,1155,4625,-3470
87401,15255,15035,220
87402,3509,1359,2150
87410,5838,23257,-17419
87412,438,9039,-8601
87413,5168,10530,-5362
87415,825,9317,-8492
87416,1349,6151,-4802
87417,1473,3636,-2163
87418,357,8319,-7962
87419,161,7709,-7548
87420,3201,13669,-10468
87421,513,22009,-21496
87455,520,8347,-7827
87461,451,12459,-12008
87499,293,493,-200
87501,7913,181,7732
87505,15273,13934,1339
87506,6710,14827,-8117
87507,19449,7895,11554
87508,7333,0,7333
87510,449,4116,-3667
87511,697,19776,-19079
87512,84,16674,-16590
87513,433,14653,-14220
87514,542,25840,-25298
87515,82,11914,-11832
87516,28,12344,-12316
87517,216,14150,-13934
87518,0,9425,-9425
87519,281,16304,-16023
87520,568,8941,-8373
87521,335,14414,-14079
87522,1276,0,1276
87523,161,0,161
87524,118,12863,-12745
87525,22,10724,-10702
87527,250,11549,-11299
87528,753,408,345
87529,1921,7671,-5750
87530,436,6786,-6350
87531,91,14866,-14775
87532,7091,3377,3714
87535,917,4569,-3652
87537,841,10354,-9513
87538,143,7044,-6901
87539,54,9962,-9908
87540,515,129,386
87543,45,11109,-11064
87544,5993,8373,-2380
87547,2036,12627,-10591
87548,233,5107,-4874
87549,486,10571,-10085
87551,109,12584,-12475
87552,915,4465,-3550
87553,477,8309,-7832
87554,0,8611,-8611
87556,922,4843,-3921
87557,1965,5732,-3767
87558,380,13885,-13505
87560,563,12678,-12115
87562,139,3955,-3816
87564,44,5838,-5794
87565,190,122,68
87566,644,10493,-9849
87567,344,9209,-8865
87569,282,8957,-8675
87571,4372,8664,-4292
87573,14,16794,-16780
87575,318,14035,-13717
87577,136,8402,-8266
87578,143,13406,-13263
87579,423,12039,-11616
87580,222,14937,-14715
87581,15,11029,-11014
87582,340,8852,-8512
87583,173,11893,-11720
87701,7799,11996,-4197
87710,642,13,629
87711,260,21402,-21142
87712,174,22325,-22151
87713,176,8453,-8277
87714,564,23208,-22644
87715,225,16799,-16574
87718,272,16929,-16657
87722,436,5313,-4877
87723,177,10670,-10493
87724,22,10094,-10072
87728,182,12107,-11925
87729,45,9247,-9202
87730,9,12510,-12501
87731,132,11294,-11162
87732,434,14648,-14214
87733,31,7890,-7859
87734,107,13603,-13496
87735,43,10123,-10080
87736,22,16712,-16690
87740,3258,0,3258
87742,145,5233,-5088
87743,123,6396,-6273
87745,410,6947,-6537
87746,26,13176,-13150
87747,601,6238,-5637
87749,39,14567,-14528
87750,0,18277,-18277
87752,295,11253,-10958
87753,24,16716,-16692
87801,2918,17506,-14588
87820,75,9266,-9191
87821,336,14559,-14223
87823,94,5632,-5538
87824,48,7925,-7877
87825,780,4845,-4065
87827,105,9286,-9181
87828,139,12711,-12572
87829,358,7412,-7054
87830,285,15859,-15574
87831,81,8902,-8821
87832,67,13894,-13827
87901,2708,15264,-12556
87930,303,15526,-15223
87931,404,12929,-12525
87933,55,0,55
87935,1003,13128,-12125
87936,113,14958,-14845
87937,1044,17681,-16637
87939,96,442,-346
87940,133,22733,-22600
87941,253,22129,-21876
87942,441,11908,-11467
87943,107,9905,-9798
88001,14806,6099,8707
88002,374,7972,-7598
88003,0,22563,-22563
88004,0,7969,-7969
88005,10949,14919,-3970
88007,8690,10088,-1398
88008,4001,7897,-3896
88009,0,10791,-10791
88011,13486,8210,5276
88012,10579,8509,2070
88020,306,18579,-18273
88021,5141,16343,-11202
88022,266,6794,-6528
88023,898,13358,-12460
88024,180,11716,-11536
88025,40,8406,-8366
88026,587,10468,-9881
88027,245,8259,-8014
88028,110,140,-30
88029,385,15715,-15330
88030,8662,15425,-6763
88034,10,9465,-9455
88038,107,14478,-14371
88039,292,14870,-14578
88040,32,17635,-17603
88041,463,13695,-13232
88042,200,8175,-7975
88043,642,16433,-15791
88044,912,11583,-10671
88045,1151,8161,-7010
88046,358,11564,-11206
88047,588,11264,-10676
88048,1206,8920,-7714
88049,376,17907,-17531
88051,52,12397,-12345
88052,96,12261,-12165
88053,85,10054,-9969
88055,21,8881,-8860
88056,111,19267,-19156
88061,7176,9839,-2663
88063,4074,6161,-2087
88065,284,6149,-5865
88072,619,386,233
88081,4139,1261,2878
88101,17171,25416,-8245
88103,0,24287,-24287
88112,112,11835,-11723
88113,38,4431,-4393
88114,25,7149,-7124
88115,15,561,-546
88116,149,139,10
88118,141,156,-15
88119,549,8972,-8423
88120,174,126,48
88121,59,2735,-2676
88124,365,12068,-11703
88125,21,16480,-16459
88126,7,8385,-8378
88130,6395,39,6356
88132,102,15855,-15753
88134,36,529,-493
88135,523,298,225
88136,13,18822,-18809
88201,9968,3067,6901
88203,10641,39,10602
88210,6915,1531,5384
88220,14453,1232,13221
88230,1706,4304,-2598
88231,1226,11312,-10086
88232,638,15310,-14672
88240,13876,5503,8373
88242,2606,8892,-6286
88244,0,5749,-5749
88250,107,14697,-14590
88252,840,19203,-18363
88253,291,21594,-21303
88254,44,18655,-18611
88255,27,14455,-14428
88256,676,16953,-16277
88260,4620,16047,-11427
88262,4,16737,-16733
88263,62,6816,-6754
88264,0,1322,-1322
88265,70,16560,-16490
88267,584,14150,-13566
88268,0,14902,-14902
88301,630,239,391
88310,15049,18388,-3339
88311,434,17486,-17052
88312,1181,13719,-12538
88314,59,366,-307
88316,943,63,880
88317,778,818,-40
88318,170,15708,-15538
88321,141,11595,-11454
88323,0,126,-126
88324,47,2758,-2711
88325,430,14035,-13605
88330,1179,461,718
88336,171,18499,-18328
88337,827,5004,-4177
88338,113,16120,-16007
88339,225,10448,-10223
88340,1041,6198,-5157
88341,270,10612,-10342
88342,0,14958,-14958
88343,13,476,-463
88344,27,600,-573
88345,3669,19186,-15517
88346,1017,13871,-12854
88347,17,17230,-17213
88348,352,20608,-20256
88349,0,20202,-20202
88350,51,7594,-7543
88351,107,12743,-12636
88352,1401,10105,-8704
88353,124,22134,-22010
88354,57,10821,-10764
88355,53,16201,-16148
88401,2563,12186,-9623
88410,60,17246,-17186
88411,37,20336,-20299
88414,33,16073,-16040
88415,999,20419,-19420
88416,109,8413,-8304
88417,21,9387,-9366
88418,118,10161,-10043
88419,20,1582,-1562
88421,19,19563,-19544
88422,38,10165,-10127
88424,19,11331,-11312
88426,453,22911,-22458
88427,42,13140,-13098
88430,76,19712,-19636
88431,43,17093,-17050
88434,107,17281,-17174
88435,888,11831,-10943
88436,34,0,34
88439,0,0,0
89001,510,0,510
89002,12737,10165,2572
89003,514,0,514
89004,110,312,-202
89005,6163,0,6163
89007,235,20133,-19898
89008,479,0,479
89010,171,7384,-7213
89011,11975,18346,-6371
89012,15372,8879,6493
89013,125,2576,-2451
89014,16801,12390,4411
89015,14698,13011,1687
89017,22,0,22
89018,255,14485,-14230
89019,1122,6298,-5176
89020,644,7878,-7234
89021,946,664,282
89022,0,9598,-9598
89025,359,1781,-1422
89026,0,16953,-16953
89027,7172,9077,-1905
89029,4286,74,4212
89030,15547,11219,4328
89031,22927,4275,18652
89032,15383,729,14654
89034,1350,14350,-13000
89039,138,1777,-1639
89040,1555,2670,-1115
89042,328,5154,-4826
89043,389,4208,-3819
89044,10165,14529,-4364
89045,993,2604,-1611
89046,237,1737,-1500
89047,59,829,-770
89048,9938,224,9714
89049,1286,179,1107
89052,23531,15720,7811
89054,94,12288,-12194
89060,4883,10861,-5978
89061,3087,73,3014
89070,0,11,-11
89074,20496,249,20247
89081,12436,8524,3912
89084,10271,458,9813
89085,1375,4737,-3362
89086,2437,464,1973
89101,15669,2775,12894
89102,15234,8907,6327
89103,22333,127,22206
89104,14867,0,14867
89106,9353,618,8735
89107,13016,277,12739
89108,26508,937,25571
89109,3259,9766,-6507
89110,21368,1247,20121
89113,13607,7418,6189
89115,18947,15,18932
89117,22820,103,22717
89118,8737,12209,-3472
89119,22229,13550,8679
89120,9254,195,9059
89121,24244,2244,22000
89122,18997,11108,7889
89123,23534,4461,19073
89124,282,3816,-3534
89128,15000,2370,12630
89129,20417,6878,13539
89130,12473,3197,9276
89131,16970,467,16503
89134,11252,221,11031
89135,12782,15985,-3203
89138,7082,3249,3833
89139,13350,366,12984
89141,12596,207,12389
89142,10548,6,10542
89143,4115,319,3796
89144,7962,22533,-14571
89145,9638,21723,-12085
89146,7635,8722,-1087
89147,21163,0,21163
89148,21838,388,21450
89149,15731,154,15577
89156,9750,2141,7609
89158,288,5366,-5078
89161,213,23139,-22926
89166,9077,16850,-7773
89169,9957,568,9389
89178,13921,2399,11522
89179,3736,7471,-3735
89183,14375,2126,12249
89191,0,344,-344
89301,2652,2716,-64
89310,107,2181,-2074
89311,78,20,58
89314,89,973,-884
89315,14,340,-326
89316,278,5017,-4739
89317,138,1936,-1798
89318,445,13634,-13189
89319,137,12750,-12613
89402,82,20378,-20296
89403,6219,4935,1284
89404,17,69,-52
89405,53,2095,-2042
89406,9753,32,9721
89408,8050,78,7972
89409,86,829,-743
89410,4814,53,4761
89411,413,781,-368
89412,48,14871,-14823
89413,359,7740,-7381
89414,50,13423,-13373
89415,1267,1992,-725
89418,92,376,-284
89419,1364,17892,-16528
89420,6,678,-672
89421,228,17496,-17268
89422,95,8599,-8504
89423,4501,15868,-11367
89424,164,3863,-3699
89425,215,12429,-12214
89426,64,6462,-6398
89427,362,6460,-6098
89428,39,23688,-23649
89429,3288,16200,-12912
89430,58,13632,-13574
89431,15340,15526,-186
89433,7257,16430,-9173
89434,10698,9924,774
89436,16844,19541,-2697
89437,0,505,-505
89438,13,13928,-13915
89439,775,5248,-4473
89440,259,1299,-1040
89441,4692,1548,3144
89442,320,13036,-12716
89444,1498,15047,-13549
89445,6614,14836,-8222
89446,0,2173,-2173
89447,3576,934,2642
89448,895,7055,-6160
89449,1415,18863,-17448
89450,0,10309,-10309
89451,4041,14280,-10239
89460,5533,659,4874
89496,0,19492,-19492
89501,2647,15809,-13162
89502,18903,2316,16587
89503,12692,13541,-849
89506,15252,11840,3412
89508,4942,4220,722
89509,16834,9317,7517
89510,522,12786,-12264
89511,11854,5411,6443
89512,11246,9297,1949
89519,3793,5390,-1597
89521,14060,1478,12582
89523,15139,12155,2984
89557,0,21551,-21551
89701,10605,9262,1343
89703,4777,6626,-1849
89704,1815,7982,-6167
89705,2243,7084,-4841
89706,8474,9859,-1385
89801,9444,7692,1752
89815,5012,3838,1174
89820,2207,11029,-8822
89821,260,9426,-9166
89822,778,3909,-3131
89823,156,7346,-7190
89825,329,13805,-13476
89826,0,2727,-2727
89828,134,6081,-5947
89830,15,18667,-18652
89831,26,22120,-22094
89832,384,11371,-10987
89833,51,20777,-20726
89834,23,11499,-11476
89835,476,20824,-20348
89883,1884,19832,-17948
90001,13421,19083,-5662
90002,13011,13871,-860
90003,17759,11573,6186
90004,22231,9884,12347
90005,15993,2556,13437
90006,18850,18804,46
90007,12211,3973,8238
90008,14425,14525,-100
90010,2247,1731,516
90011,24603,1455,23148
90012,14361,10564,3797
90013,7724,14385,-6661
90014,5803,9703,-3900
90015,11746,11663,83
90016,17387,836,16551
90017,12996,24227,-11231
90018,16394,173,16221
90019,23584,10483,13101
90020,16881,26930,-10049
90021,1454,15536,-14082
90022,17266,15992,1274
90023,11832,17679,-5847
90024,16359,6643,9716
90025,21470,12263,9207
90026,25968,12901,13067
90027,21133,19420,1713
90028,16833,14372,2461
90029,13218,9256,3962
90031,11868,12739,-871
90032,13314,18647,-5333
90033,13240,18452,-5212
90034,24938,8106,16832
90035,11310,17906,-6596
90036,18990,11728,7262
90037,17772,24680,-6908
90038,12595,17467,-4872
90039,11992,11737,255
90040,3424,12239,-8815
90041,10001,7297,2704
90042,20844,12948,7896
90043,17052,1005,16047
90044,28202,11830,16372
90045,15666,8197,7469
90046,28249,15964,12285
90047,16853,8384,8469
90048,11474,14743,-3269
90049,16116,8774,7342
90052,0,11038,-11038
90056,3556,6461,-2905
90057,17179,5571,11608
90058,979,7105,-6126
90059,10162,1900,8262
90061,7844,6088,1756
90062,9796,5704,4092
90063,13616,13161,455
90064,11144,7529,3615
90065,16180,12001,4179
90066,24647,16453,8194
90067,1531,13312,-11781
90068,11528,15540,-4012
90069,12844,8705,4139
90071,10,19299,-19289
90073,0,9179,-9179
90077,2899,15776,-12877
90079,0,6663,-6663
90089,5,12967,-12962
90094,5560,18991,-13431
90095,0,10368,-10368
90201,23847,15215,8632
90210,7947,12382,-4435
90211,3801,6110,-2309
90212,5503,5000,503
90220,13704,10708,2996
90221,12531,2389,10142
90222,8511,8230,281
90230,13792,15339,-1547
90232,7101,17623,-10522
90240,7670,9768,-2098
90241,14098,11828,2270
90242,12729,412,12317
90245,7070,7804,-734
90247,16082,0,16082
90248,3857,0,3857
90249,8869,9210,-341
90250,31962,18865,13097
90254,8926,0,8926
90255,18168,23421,-5253
90260,10281,990,9291
90262,15026,390,14636
90263,0,12248,-12248
90265,6463,7001,-538
90266,13422,11056,2366
90270,6320,4212,2108
90272,8074,4280,3794
90274,8962,6196,2766
90275,15397,6183,9214
90277,16590,15665,925
90278,15889,284,15605
90280,23824,974,22850
90290,2003,4803,-2800
90291,13535,3032,10503
90292,13048,1064,11984
90293,6625,547,6078
90301,12110,137,11973
90302,10456,76,10380
90303,6844,4742,2102
90304,7067,3714,3353
90305,5880,10950,-5070
90401,4678,235,4443
90402,4906,2323,2583
90403,13164,8,13156
90404,10562,4920,5642
90405,14247,736,13511
90501,14423,2619,11804
90502,6342,184,6158
90503,17173,1833,15340
90504,11662,175,11487
90505,14177,20805,-6628
90506,0,1573,-1573
90601,10782,1327,9455
90602,8032,731,7301
90603,6490,373,6117
90604,11781,2507,9274
90605,11107,4001,7106
90606,8692,1035,7657
90620,13124,579,12545
90621,10744,133,10611
90623,4944,10949,-6005
90630,16118,4717,11401
90631,21886,524,21362
90638,14803,2888,11915
90639,0,75,-75
90640,19191,573,18618
90650,26353,228,26125
90660,16996,225,16771
90670,5212,1326,3886
90680,9667,21914,-12247
90701,4417,374,4043
90703,15687,79,15608
90704,1543,660,883
90706,24018,0,24018
90710,9150,5142,4008
90712,10247,1401,8846
90713,9583,404,9179
90715,6573,1612,4961
90716,3659,5381,-1722
90717,8255,1577,6678
90720,8247,1079,7168
90723,14360,795,13565
90731,23155,20850,2305
90732,8680,39,8641
90740,12836,18114,-5278
90742,324,5434,-5110
90743,200,975,-775
90744,14995,1064,13931
90745,15337,2536,12801
90746,8547,49,8498
90747,0,15461,-15461
90755,4603,12213,-7610
90802,21450,4733,16717
90803,17502,15322,2180
90804,14975,10462,4513
90805,28175,20868,7307
90806,12555,21353,-8798
90807,12788,18772,-5984
90808,14195,21718,-7523
90810,9871,13455,-3584
90813,17485,17791,-306
90814,8817,11846,-3029
90815,14998,6940,8058
90822,0,12107,-12107
90831,0,6379,-6379
90840,0,8307,-8307
91001,12330,0,12330
91006,10464,11360,-896
91007,11708,12038,-330
91008,278,546,-268
91010,8462,429,8033
91011,6447,1796,4651
91016,14701,2876,11825
91020,3224,64,3160
91024,4961,1351,3610
91030,10345,433,9912
91040,7412,5209,2203
91042,9872,1814,8058
91046,98,17547,-17449
91101,10391,977,9414
91103,8480,618,7862
91104,13421,467,12954
91105,5463,5154,309
91106,10442,6504,3938
91107,12753,2565,10188
91108,4031,16178,-12147
91125,0,3626,-3626
91201,8147,240,7907
91202,8738,1400,7338
91203,6748,217,6531
91204,6564,1314,5250
91205,13709,11556,2153
91206,12610,15018,-2408
91207,4121,12641,-8520
91208,5964,2033,3931
91210,125,475,-350
91214,10577,3278,7299
91301,9059,3616,5443
91302,9761,1852,7909
91303,9887,4545,5342
91304,18190,2409,15781
91306,14463,88,14375
91307,8562,645,7917
91311,14156,6122,8034
91316,12372,837,11535
91320,14902,229,14673
91321,11240,553,10687
91324,10045,79,9966
91325,12590,20,12570
91326,12518,1071,11447
91330,0,0,0
91331,23182,310,22872
91335,24289,1105,23184
91340,8829,89,8740
91342,24793,198,24595
91343,17977,29,17948
91344,17529,166,17363
91345,5448,981,4467
91350,12914,13867,-953
91351,10380,20511,-10131
91352,12040,20894,-8854
91354,10766,147,10619
91355,12052,3529,8523
91356,11803,419,11384
91360,15260,920,14340
91361,8005,3138,4867
91362,13859,151,13708
91364,10254,19873,-9619
91367,17953,15299,2654
91371,0,9156,-9156
91377,5018,799,4219
91381,6590,19,6571
91384,6982,12470,-5488
91387,13789,27,13762
91390,6288,5829,459
91401,14596,11389,3207
91402,20133,800,19333
91403,11867,98,11769
91405,18374,1862,16512
91406,18686,33,18653
91411,9037,800,8237
91423,14925,1468,13457
91436,6011,158,5853
91501,7834,387,7447
91502,5530,88,5442
91504,10151,125,10026
91505,13042,204,12838
91506,8125,1421,6704
91601,17086,5386,11700
91602,10124,15209,-5085
91604,14350,13029,1321
91605,16304,3999,12305
91606,15255,1452,13803
91607,13384,687,12697
91608,8,7354,-7346
91701,12845,9747,3098
91702,16175,2769,13406
91706,17857,220,17637
91708,4096,2484,1612
91709,24961,38,24923
91710,22214,352,21862
91711,12452,1982,10470
91722,10321,364,9957
91723,6250,0,6250
91724,8987,122,8865
91730,24460,4975,19485
91731,7928,5193,2735
91732,15260,33,15227
91733,10786,17,10769
91737,7760,10831,-3071
91739,11336,3814,7522
91740,8449,11216,-2767
91741,8856,11092,-2236
91744,18303,2905,15398
91745,16309,193,16116
91746,6981,1129,5852
91748,13720,3327,10393
91750,12191,179,12012
91752,9157,2659,6498
91754,11689,2780,8909
91755,8604,3746,4858
91759,175,1342,-1167
91761,17624,587,17037
91762,18012,108,17904
91763,9896,457,9439
91764,16291,8148,8143
91765,15119,1806,13313
91766,19134,10140,8994
91767,14712,1039,13673
91768,8635,8397,238
91770,16192,265,15927
91773,11705,107,11598
91775,7992,78,7914
91776,11470,771,10699
91780,11656,398,11258
91784,8992,120,8872
91786,19456,205,19251
91789,12695,942,11753
91790,12465,3060,9405
91791,10674,11828,-1154
91792,9184,9659,-475
91801,20080,10778,9302
91803,10002,12309,-2307
91901,6313,10306,-3993
91902,6041,11099,-5058
91905,562,15770,-15208
91906,1343,17062,-15719
91910,25531,1617,23914
91911,25756,23347,2409
91913,15469,2712,12757
91914,4744,6446,-1702
91915,9713,13912,-4199
91916,671,20823,-20152
91917,198,5792,-5594
91931,304,3605,-3301
91932,9187,9620,-433
91934,271,12977,-12706
91935,2980,16808,-13828
91941,12486,7147,5339
91942,16960,4649,12311
91945,9162,215,8947
91948,59,1438,-1379
91950,17769,6019,11750
91962,971,2487,-1516
91963,112,412,-300
91977,19730,2105,17625
91978,3320,3662,-342
91980,0,69,-69
92003,1627,3714,-2087
92004,1336,192,1144
92007,4289,7890,-3601
92008,11976,14061,-2085
92009,16512,0,16512
92010,6388,7011,-623
92011,9474,1933,7541
92014,5452,64,5388
92019,15091,10329,4762
92020,19997,4119,15878
92021,23331,295,23036
92024,19480,10376,9104
92025,16799,1883,14916
92026,18432,16422,2010
92027,17263,13606,3657
92028,16649,19548,-2899
92029,7459,6616,843
92036,1360,726,634
92037,16342,63,16279
92040,15446,7355,8091
92054,14910,7990,6920
92055,0,15664,-15664
92056,19344,2380,16964
92057,18440,2607,15833
92058,14201,8004,6197
92059,491,922,-431
92060,99,1149,-1050
92061,647,13921,-13274
92064,16282,5781,10501
92065,12229,11733,496
92066,177,14045,-13868
92067,2991,471,2520
92069,14824,13521,1303
92070,355,9985,-9630
92071,20678,8905,11773
92075,4978,4670,308
92078,17988,14829,3159
92081,10420,11647,-1227
92082,6134,75,6059
92083,11316,21653,-10337
92084,14672,8060,6612
92086,524,18588,-18064
92091,609,20150,-19541
92092,0,7442,-7442
92093,0,15021,-15021
92096,0,11566,-11566
92101,25702,185,25517
92102,14420,3080,11340
92103,18550,13180,5370
92104,21951,7241,14710
92105,22779,33055,-10276
92106,7678,27042,-19364
92107,13507,2217,11290
92108,11847,21736,-9889
92109,21942,16440,5502
92110,11875,17471,-5596
92111,16870,14913,1957
92113,13757,18215,-4458
92114,18163,17086,1077
92115,20892,17396,3496
92116,16356,21935,-5579
92117,20681,13774,6907
92118,7147,10083,-2936
92119,9224,7319,1905
92120,11544,0,11544
92121,1694,1014,680
92122,19242,629,18613
92123,12035,12998,-963
92124,11201,10642,559
92126,24903,13448,11455
92127,15909,10963,4946
92128,20465,2190,18275
92129,18049,7355,10694
92130,20632,13258,7374
92131,12550,1996,10554
92132,0,3206,-3206
92134,0,10675,-10675
92135,0,12580,-12580
92136,0,9337,-9337
92139,9929,15217,-5288
92140,0,13472,-13472
92145,0,24405,-24405
92147,0,5104,-5104
92154,22724,5456,17268
92155,0,4749,-4749
92161,0,7328,-7328
92173,8064,5421,2643
92179,0,962,-962
92182,0,20595,-20595
92201,25316,10723,14593
92203,12228,989,11239
92210,2517,83,2434
92211,12946,17287,-4341
92220,11617,328,11289
92222,9,2713,-2704
92223,18462,47,18415
92225,5036,4494,542
92227,7597,10078,-2481
92230,807,6897,-6090
92231,9005,12710,-3705
92233,1014,15805,-14791
92234,18827,13973,4854
92236,15722,1346,14376
92239,139,11906,-11767
92240,13962,350,13612
92241,3498,10196,-6698
92242,599,11425,-10826
92243,13080,21557,-8477
92249,1869,12361,-10492
92250,2031,929,1102
92251,5907,23505,-17598
92252,3597,19718,-16121
92253,15358,15602,-244
92254,3251,19901,-16650
92256,1515,4350,-2835
92257,479,21488,-21009
92258,231,8792,-8561
92259,140,15944,-15804
92260,14717,8069,6648
92262,13062,158,12904
92264,11005,10449,556
92266,123,16846,-16723
92267,22,13012,-12990
92268,279,4850,-4571
92270,8817,18873,-10056
92273,444,11122,-10678
92274,5746,5692,54
92275,629,24377,-23748
92276,2879,10337,-7458
92277,9873,13005,-3132
92278,0,10987,-10987
92280,0,6458,-6458
92281,562,6516,-5954
92282,430,25392,-24962
92283,531,14421,-13890
92284,10285,239,10046
92285,1062,15171,-14109
92301,8605,169,8436
92304,0,3762,-3762
92305,149,2897,-2748
92307,13224,47,13177
92308,13856,3976,9880
92309,229,0,229
92310,2790,49,2741
92311,11526,16458,-4932
92313,4721,13296,-8575
92314,4399,6647,-2248
92315,2212,8544,-6332
92316,7550,12567,-5017
92317,385,12536,-12151
92320,3653,8744,-5091
92321,440,361,79
92322,399,20291,-19892
92324,17955,10489,7466
92325,3317,9147,-5830
92327,379,13771,-13392
92328,474,18064,-17590
92332,65,208,-143
92333,237,9040,-8803
92335,24921,9254,15667
92336,26519,9569,16950
92337,9720,10044,-324
92338,0,1261,-1261
92339,506,14479,-13973
92341,155,11809,-11654
92342,2467,9239,-6772
92344,5629,15150,-9521
92345,25960,14628,11332
92346,17966,10084,7882
92347,303,12915,-12612
92350,54,9746,-9692
92352,2021,15408,-13387
92354,8515,16522,-8007
92356,2428,7637,-5209
92358,351,9,342
92359,3251,7566,-4315
92363,2079,8779,-6700
92364,12,8918,-8906
92365,1019,7239,-6220
92368,289,8651,-8362
92369,0,7865,-7865
92371,5745,5857,-112
92372,1823,7858,-6035
92373,12793,4995,7798
92374,14568,4794,9774
92376,22101,5306,16795
92377,5257,2626,2631
92378,143,105,38
92382,1696,9058,-7362
92384,18,9258,-9240
92385,101,13971,-13870
92386,876,4965,-4089
92389,126,18934,-18808
92391,884,0,884
92392,16641,16024,617
92394,9636,12183,-2547
92395,15252,5494,9758
92397,2262,5249,-2987
92398,646,150,496
92399,18504,483,18021
92401,740,455,285
92404,18591,3922,14669
92405,9226,15699,-6473
92407,17574,79,17495
92408,3633,3582,51
92410,12949,3489,9460
92411,6683,434,6249
92415,0,500,-500
92501,6562,289,6273
92503,24338,3192,21146
92504,15659,137,15522
92505,14152,13136,1016
92506,14415,6791,7624
92507,16875,228,16647
92508,9763,9506,257
92509,18749,6972,11777
92518,488,38,450
92521,0,1592,-1592
92530,16083,13198,2885
92532,7684,13358,-5674
92536,965,742,223
92539,1545,335,1210
92543,13145,6367,6778
92544,16058,239,15819
92545,15347,106,15241
92548,2232,5822,-3590
92549,1308,278,1030
92551,8171,170,8001
92553,19158,17,19141
92555,11493,583,10910
92557,14516,559,13957
92561,694,10039,-9345
92562,20226,1191,19035
92563,21383,2410,18973
92567,2592,3946,-1354
92570,14230,313,13917
92571,13351,18398,-5047
92582,5066,4122,944
92583,9984,2541,7443
92584,15668,0,15668
92585,7180,21370,-14190
92586,9155,312,8843
92587,5888,3142,2746
92590,1919,2110,-191
92591,13382,16858,-3476
92592,24499,14927,9572
92595,10286,5469,4817
92596,8824,9861,-1037
92602,9125,3652,5473
92603,7131,18961,-11830
92604,10407,14937,-4530
92606,9018,418,8600
92610,4229,60,4169
92612,14122,253,13869
92614,11223,1146,10077
92617,4092,2013,2079
92618,20890,14057,6833
92620,21158,19717,1441
92624,2555,4,2551
92625,5860,8021,-2161
92626,19364,18239,1125
92627,22141,14372,7769
92629,11642,449,11193
92630,23246,3077,20169
92637,11933,5664,6269
92646,21399,10998,10401
92647,21002,4035,16967
92648,19726,106,19620
92649,14696,22562,-7866
92651,10976,5757,5219
92653,10738,15198,-4460
92655,2505,18752,-16247
92656,19701,474,19227
92657,3648,13326,-9678
92660,15806,10839,4967
92661,1652,11286,-9634
92662,1217,2996,-1779
92663,10552,12498,-1946
92672,15185,9275,5910
92673,9774,12530,-2756
92675,12460,21464,-9004
92676,760,16763,-16003
92677,25361,20724,4637
92678,242,13216,-12974
92679,10493,16503,-6010
92683,27611,13855,13756
92688,15446,14071,1375
92691,16400,5141,11259
92692,16588,8969,7619
92694,11292,11853,-561
92697,0,7459,-7459
92701,12341,6429,5912
92703,13543,7134,6409
92704,19686,14960,4726
92705,14959,5665,9294
92706,10076,2240,7836
92707,14142,104,14038
92708,18852,11371,7481
92780,17420,2851,14569
92782,10988,5248,5740
92801,18522,10915,7607
92802,11946,10009,1937
92804,24586,15929,8657
92805,20593,17891,2702
92806,12521,12589,-68
92807,12248,11552,696
92808,7797,0,7797
92821,14822,6909,7913
92823,1762,6540,-4778
92831,12401,10577,1824
92832,8203,2391,5812
92833,16584,2282,14302
92835,9120,1547,7573
92840,15530,169,15361
92841,9531,216,9315
92843,11802,52,11750
92844,6733,406,6327
92845,5380,1683,3697
92860,7060,280,6780
92861,1965,823,1142
92865,6813,105,6708
92866,5626,184,5442
92867,12948,17,12931
92868,7990,1313,6677
92869,11243,1246,9997
92870,16727,15515,1212
92879,13758,9627,4131
92880,18961,1019,17942
92881,9057,580,8477
92882,19622,1956,17666
92883,11248,98,11150
92886,16777,1539,15238
92887,7071,17,7054
93001,12810,333,12477
93003,20167,5532,14635
93004,11183,229,10954
93010,16264,913,15351
93012,13273,180,13093
93013,6208,1431,4777
93015,5531,10712,-5181
93021,12059,249,11810
93022,2135,4133,-1998
93023,8471,35,8436
93030,14801,354,14447
93033,16704,12991,3713
93035,8850,881,7969
93036,13525,899,12626
93040,510,90,420
93041,7287,472,6815
93042,0,0,0
93043,0,3422,-3422
93060,9970,2299,7671
93063,19624,282,19342
93064,0,183,-183
93065,25194,424,24770
93066,957,4457,-3500
93067,208,1708,-1500
93101,12934,3119,9815
93103,7663,361,7302
93105,10915,2238,8677
93106,14,25,-11
93108,4536,3060,1476
93109,4569,2793,1776
93110,6474,1084,5390
93111,6390,1039,5351
93117,16458,4251,12207
93201,311,858,-547
93202,1077,3857,-2780
93203,4770,338,4432
93204,3036,14453,-11417
93205,969,9830,-8861
93206,445,4887,-4442
93207,103,11031,-10928
93208,81,8493,-8412
93210,4831,158,4673
93212,4230,446,3784
93215,12251,9909,2342
93218,160,18841,-18681
93219,2487,13185,-10698
93220,33,8509,-8476
93221,4506,20767,-16261
93222,1018,10879,-9861
93223,2823,3379,-556
93224,158,8638,-8480
93225,2027,3680,-1653
93226,37,11196,-11159
93227,41,7081,-7040
93230,21661,0,21661
93234,1786,1268,518
93235,1262,5484,-4222
93237,94,6733,-6639
93238,344,4066,-3722
93239,478,393,85
93240,2482,11450,-8968
93241,4293,598,3695
93242,998,597,401
93243,461,70,391
93244,47,14960,-14913
93245,12059,8107,3952
93246,0,1522,-1522
93247,5274,13146,-7872
93249,526,12697,-12171
93250,3594,1685,1909
93251,87,169,-82
93252,565,2866,-2301
93254,382,169,213
93255,448,3864,-3416
93256,1540,247,1293
93257,23034,2970,20064
93258,383,12963,-12580
93260,86,16988,-16902
93261,552,15532,-14980
93262,0,8376,-8376
93263,5723,11717,-5994
93265,1346,11567,-10221
93266,397,468,-71
93267,1833,127,1706
93268,5993,606,5387
93270,1530,102,1428
93271,1184,241,943
93272,1138,639,499
93274,22146,6631,15515
93276,48,1471,-1423
93277,18755,4014,14741
93280,6506,830,5676
93283,1031,163,868
93285,1212,954,258
93286,2874,57,2817
93287,44,0,44
93291,18167,0,18167
93292,13737,233,13504
93301,5190,37,5153
93304,15219,2438,12781
93305,10842,5837,5005
93306,21818,261,21557
93307,22520,713,21807
93308,19677,1524,18153
93309,22310,110,22200
93311,15676,338,15338
93312,18220,836,17384
93313,16231,2392,13839
93314,10412,6590,3822
93401,12612,521,12091
93402,6237,90,6147
93405,8332,4307,4025
93407,5,493,-488
93408,0,4598,-4598
93409,0,954,-954
93410,0,397,-397
93420,12182,1352,10830
93422,13049,1336,11713
93424,570,250,320
93426,551,1246,-695
93427,2191,1349,842
93428,2830,624,2206
93429,37,0,37
93430,1277,968,309
93432,424,1052,-628
93433,5067,241,4826
93434,2051,2066,-15
93436,17701,545,17156
93437,1097,659,438
93440,491,2144,-1653
93441,411,208,203
93442,5107,12430,-7323
93444,7327,15189,-7862
93445,2843,11910,-9067
93446,17239,907,16332
93449,4283,17,4266
93450,224,167,57
93451,1586,5310,-3724
93452,238,9898,-9660
93453,1206,128,1078
93454,11721,48,11673
93455,15517,456,15061
93458,13830,9725,4105
93460,2260,9906,-7646
93461,479,173,306
93463,3588,91,3497
93465,3740,7482,-3742
93501,1855,7935,-6080
93505,4512,810,3702
93510,2420,667,1753
93512,100,149,-49
93513,660,259,401
93514,5980,409,5571
93516,1051,8145,-7094
93517,235,1212,-977
93518,415,60,355
93519,0,4921,-4921
93522,36,876,-840
93523,1210,267,943
93524,0,26,-26
93526,318,1127,-809
93527,859,492,367
93528,45,492,-447
93529,114,353,-239
93530,31,87,-56
93531,163,671,-508
93532,992,217,775
93534,15438,430,15008
93535,22797,214,22583
93536,22752,142,22610
93541,202,240,-38
93543,3573,146,3427
93544,574,127,447
93545,647,504,143
93546,3631,1309,2322
93549,138,270,-132
93550,22825,192,22633
93551,16820,392,16428
93552,10897,799,10098
93553,537,53,484
93554,44,116,-72
93555,13093,1030,12063
93558,8,37,-29
93560,6736,754,5982
93561,12250,171,12079
93562,742,55,687
93563,38,514,-476
93581,0,97,-97
93591,2022,80,1942
93601,582,6955,-6373
93602,1287,11441,-10154
93603,133,0,133
93604,154,4708,-4554
93605,39,56,-17
93606,227,153,74
93608,336,25097,-24761
93609,1439,16666,-15227
93610,4887,496,4391
93611,15078,1532,13546
93612,13740,251,13489
93614,4393,16601,-12208
93615,1407,9353,-7946
93616,668,1894,-1226
93618,8228,6877,1351
93619,14936,15899,-963
93620,2775,1514,1261
93621,14,18387,-18373
93622,2699,45,2654
93623,0,1869,-1869
93624,204,1077,-873
93625,2581,15996,-13415
93626,822,335,487
93627,68,24215,-24147
93628,226,2285,-2059
93630,5601,9215,-3614
93631,5430,1356,4074
93633,0,1174,-1174
93634,0,446,-446
93635,12686,274,12412
93636,3991,161,3830
93637,11645,705,10940
93638,12433,74,12359
93640,3033,2521,512
93641,90,759,-669
93643,1180,2886,-1706
93644,3283,659,2624
93645,132,35,97
93646,2715,17910,-15195
93647,2874,4279,-1405
93648,3938,184,3754
93650,840,196,644
93651,606,138,468
93652,129,1591,-1462
93653,572,2577,-2005
93654,8248,245,8003
93656,1621,10127,-8506
93657,10627,11718,-1091
93660,868,11816,-10948
93662,8757,842,7915
93664,184,433,-249
93665,83,2006,-1923
93666,184,2434,-2250
93667,802,14364,-13562
93668,300,317,-17
93669,89,1072,-983
93670,67,19980,-19913
93673,121,1827,-1706
93675,1285,4766,-3481
93701,3699,284,3415
93702,12674,238,12436
93703,10324,9066,1258
93704,11475,15998,-4523
93705,12791,35,12756
93706,11653,22,11631
93710,12170,420,11750
93711,15949,10781,5168
93720,18500,2579,15921
93721,2414,1370,1044
93722,26424,1963,24461
93723,3249,354,2895
93725,6820,21147,-14327
93726,14643,12447,2196
93727,23239,610,22629
93728,6116,717,5399
93730,4602,12722,-8120
93737,2044,1681,363
93740,0,2046,-2046
93741,56,3258,-3202
93901,10494,13970,-3476
93905,13709,157,13552
93906,17729,78,17651
93907,7157,92,7065
93908,4379,319,4060
93920,569,416,153
93921,1365,2062,-697
93923,5375,3735,1640
93924,2615,192,2423
93925,342,33,309
93926,2418,98,2320
93927,4402,54,4348
93928,0,13,-13
93930,4423,1749,2674
93932,215,0,215
93933,9180,3391,5789
93940,14534,212,14322
93943,0,11,-11
93944,0,36,-36
93950,6731,2637,4094
93953,1701,7852,-6151
93954,100,18740,-18640
93955,10493,10804,-311
93960,4090,20081,-15991
93962,121,13409,-13288
94002,11013,11987,-974
94005,1997,6781,-4784
94010,16244,4083,12161
94014,13980,4915,9065
94015,20236,8941,11295
94018,1392,9326,-7934
94019,5298,5935,-637
94020,845,9584,-8739
94021,90,7553,-7463
94022,7263,12101,-4838
94024,8036,14239,-6203
94025,14512,15211,-699
94027,2260,23002,-20742
94028,2482,9139,-6657
94030,8108,15193,-7085
94037,1040,15083,-14043
94038,1109,7352,-6243
94040,14975,17584,-2609
94041,6310,7574,-1264
94043,13429,223,13206
94044,14000,18248,-4248
94060,367,3085,-2718
94061,13256,14020,-764
94062,9668,8829,839
94063,10907,13092,-2185
94065,4731,120,4611
94066,15308,10392,4916
94070,11611,7402,4209
94074,58,11321,-11263
94080,22016,13974,8042
94085,8795,9289,-494
94086,19461,11101,8360
94087,20576,489,20087
94089,8733,44,8689
94102,19213,1534,17679
94103,16373,277,16096
94104,234,48,186
94105,7156,533,6623
94107,14248,1046,13202
94108,6583,802,5781
94109,32183,674,31509
94110,26765,101,26664
94111,2368,304,2064
94112,23480,20,23460
94114,17121,78,17043
94115,17009,14562,2447
94116,15583,14044,1539
94117,17650,0,17650
94118,17485,2815,14670
94121,18051,106,17945
94122,22649,150,22499
94123,12992,140,12852
94124,10665,362,10303
94127,7325,1540,5785
94128,0,151,-151
94129,1340,148,1192
94130,650,555,95
94131,12764,317,12447
94132,10697,30,10667
94133,13151,10944,2207
94134,12660,4540,8120
94158,4827,813,4014
94188,0,3442,-3442
94301,7145,8446,-1301
94303,14451,175,14276
94304,1893,705,1188
94305,3545,3076,469
94306,10698,5090,5608
94401,12869,403,12466
94402,10282,191,10091
94403,16895,330,16565
94404,14137,7387,6750
94501,25516,380,25136
94502,4984,7998,-3014
94503,5622,477,5145
94505,5546,5147,399
94506,9286,7161,2125
94507,4989,11566,-6577
94508,1017,480,537
94509,22921,12331,10590
94510,10883,159,10724
94511,864,2586,-1722
94512,0,12410,-12410
94513,21326,0,21326
94514,582,785,-203
94515,2730,486,2244
94516,77,27,50
94517,4359,253,4106
94518,10216,105,10111
94519,7082,1212,5870
94520,13095,309,12786
94521,15676,46,15630
94523,13969,19,13950
94525,1529,1638,-109
94526,12655,3267,9388
94528,232,14154,-13922
94530,10761,11721,-960
94531,12807,13348,-541
94533,24343,12402,11941
94534,13267,17464,-4197
94535,1009,251,758
94536,24776,8878,15898
94538,21726,443,21283
94539,16409,194,16215
94541,22134,93,22041
94542,5029,64,4965
94544,23037,1557,21480
94545,9966,119,9847
94546,16218,85,16133
94547,9068,159,8909
94548,185,94,91
94549,10108,3914,6194
94550,17450,1072,16378
94551,14391,5341,9050
94552,5048,6022,-974
94553,19163,463,18700
94555,11718,501,11217
94556,5534,1118,4416
94558,24070,982,23088
94559,10131,555,9576
94560,14354,57,14297
94561,12924,71,12853
94562,0,967,-967
94563,7226,173,7053
94564,6794,156,6638
94565,29146,1170,27976
94566,16088,127,15961
94567,241,237,4
94568,22946,584,22362
94569,169,94,75
94571,5320,1158,4162
94572,3234,491,2743
94573,34,119,-85
94574,3443,307,3136
94575,0,354,-354
94576,52,42,10
94577,16954,219,16735
94578,14091,501,13590
94579,6607,752,5855
94580,8938,103,8835
94582,16025,1725,14300
94583,13361,777,12584
94585,9486,740,8746
94586,299,295,4
94587,20800,275,20525
94588,12169,20,12149
94589,9731,441,9290
94590,15234,90,15144
94591,19652,1891,17761
94592,425,117,308
94595,9514,3302,6212
94596,10501,56,10445
94597,10839,398,10441
94598,10430,44,10386
94599,1639,1621,18
94601,15758,46,15712
94602,12034,139,11895
94603,10174,52,10122
94605,16812,11049,5763
94606,15712,318,15394
94607,11678,18,11660
94608,15442,205,15237
94609,10321,224,10097
94610,15656,1918,13738
94611,17675,159,17516
94612,9429,364,9065
94613,0,128,-128
94618,7409,1590,5819
94619,9457,2746,6711
94621,9900,322,9578
94702,7094,4260,2834
94703,7962,2051,5911
94704,7843,657,7186
94705,5837,403,5434
94706,7968,203,7765
94707,4932,160,4772
94708,4574,555,4019
94709,5084,9,5075
94710,3368,352,3016
94720,154,47,107
94801,9931,36,9895
94803,9317,82,9235
94804,15463,391,15072
94805,5578,1119,4459
94806,20357,127,20230
94901,15851,98,15753
94903,12591,82,12509
94904,5643,586,5057
94920,5025,33,4992
94922,100,351,-251
94923,556,132,424
94924,557,1746,-1189
94925,3930,9,3921
94928,17183,178,17005
94929,160,122,38
94930,3803,52,3751
94931,3539,202,3337
94933,516,70,446
94937,580,6491,-5911
94938,265,13,252
94939,3416,71,3345
94940,100,1082,-982
94941,12469,42,12427
94945,7137,46,7091
94946,285,1799,-1514
94947,9236,553,8683
94949,7082,366,6716
94950,7,308,-301
94951,1483,1492,-9
94952,13510,1358,12152
94954,13929,345,13584
94956,623,218,405
94957,671,11447,-10776
94960,5988,0,5988
94963,129,7158,-7029
94964,127,13564,-13437
94965,6149,733,5416
94970,300,2350,-2050
94971,121,720,-599
94972,38,17113,-17075
94973,643,11174,-10531
95002,575,3820,-3245
95003,10166,130,10036
95004,1398,2573,-1175
95005,2945,587,2358
95006,3534,449,3085
95007,214,869,-655
95008,19327,1458,17869
95010,4315,598,3717
95012,2517,16591,-14074
95013,18,982,-964
95014,21646,1282,20364
95017,268,208,60
95018,2552,1496,1056
95019,2024,215,1809
95020,19669,324,19345
95023,16566,463,16103
95030,5355,765,4590
95032,10275,6626,3649
95033,3753,15852,-12099
95035,23749,1473,22276
95037,16888,2451,14437
95039,377,12996,-12619
95041,283,1869,-1586
95043,272,48,224
95045,1421,4089,-2668
95046,1847,17371,-15524
95050,14764,6057,8707
95051,22468,220,22248
95053,0,1678,-1678
95054,8578,5467,3111
95060,18841,1279,17562
95062,15149,70,15079
95064,536,1063,-527
95065,2930,11207,-8277
95066,5893,1428,4465
95070,11376,1015,10361
95073,4175,1983,2192
95075,176,237,-61
95076,24053,151,23902
95110,6665,905,5760
95111,15899,7168,8731
95112,20778,951,19827
95113,1276,1045,231
95116,13728,247,13481
95117,10479,187,10292
95118,11204,4769,6435
95119,3388,6076,-2688
95120,12536,109,12427
95121,9832,276,9556
95122,12058,2325,9733
95123,23930,825,23105
95124,17553,75,17478
95125,21083,131,20952
95126,15021,585,14436
95127,15939,437,15502
95128,13898,4835,9063
95129,13835,918,12917
95130,4491,203,4288
95131,9736,634,9102
95132,12115,11470,645
95133,8875,688,8187
95134,13383,1026,12357
95135,7651,11681,-4030
95136,16114,18258,-2144
95138,5639,3178,2461
95139,2117,2418,-301
95140,60,11650,-11590
95148,12124,9127,2997
95202,2920,2448,472
95203,5387,584,4803
95204,11080,19389,-8309
95205,10735,9646,1089
95206,17279,9585,7694
95207,18347,16055,2292
95209,13129,17593,-4464
95210,11934,18832,-6898
95211,0,16101,-16101
95212,7747,11247,-3500
95215,7076,6821,255
95219,10856,18210,-7354
95220,2712,10699,-7987
95221,69,14932,-14863
95222,2238,0,2238
95223,1305,0,1305
95224,74,0,74
95225,322,0,322
95226,0,20,-20
95227,332,0,332
95228,1731,59,1672
95230,226,2108,-1882
95231,709,1639,-930
95232,29,9852,-9823
95233,99,24004,-23905
95236,1708,24549,-22841
95237,1522,11976,-10454
95240,16235,2960,13275
95242,10058,288,9770
95245,1003,8033,-7030
95246,447,471,-24
95247,1542,7613,-6071
95248,16,2627,-2611
95249,1749,858,891
95251,250,753,-503
95252,4814,1141,3673
95253,124,277,-153
95254,279,331,-52
95255,708,1106,-398
95257,149,3530,-3381
95258,1538,4189,-2651
95301,12857,1031,11826
95303,291,4854,-4563
95304,4359,64,4295
95305,58,127,-69
95306,383,14279,-13896
95307,13022,6880,6142
95309,0,1515,-1515
95310,713,26,687
95311,989,7955,-6966
95312,63,10494,-10431
95313,424,426,-2
95315,3554,5550,-1996
95316,2627,190,2437
95317,260,473,-213
95318,224,731,-507
95319,576,1133,-557
95320,4585,19044,-14459
95321,1809,2644,-835
95322,3319,886,2433
95323,434,108,326
95324,2626,5880,-3254
95325,35,1272,-1237
95326,3743,506,3237
95327,3012,6262,-3250
95328,989,4552,-3563
95329,1172,7,1165
95330,6907,7861,-954
95333,794,7461,-6667
95334,4142,10328,-6186
95335,73,395,-322
95336,15395,1386,14009
95337,12551,337,12214
95338,4720,850,3870
95340,12338,10852,1486
95341,8787,8350,437
95345,332,8955,-8623
95346,488,13994,-13506
95348,10765,9148,1617
95350,19358,4009,15349
95351,13453,1323,12130
95354,8773,119,8654
95355,21060,7166,13894
95356,11219,1429,9790
95357,4259,613,3646
95358,8418,236,8182
95360,3956,301,3655
95361,12286,485,11801
95363,7948,1075,6873
95364,0,731,-731
95365,1106,4093,-2987
95366,6649,1658,4991
95367,7489,1392,6097
95368,4262,8661,-4399
95369,331,174,157
95370,11988,353,11635
95372,645,1654,-1009
95374,540,654,-114
95375,61,297,-236
95376,16697,14133,2564
95377,9045,18086,-9041
95379,1705,105,1600
95380,15286,997,14289
95382,12894,12985,-91
95383,1870,218,1652
95385,213,1188,-975
95386,2934,9546,-6612
95387,275,1635,-1360
95388,3740,52,3688
95389,333,354,-21
95391,5983,794,5189
95401,13592,432,13160
95403,16286,4287,11999
95404,15507,8159,7348
95405,9396,5658,3738
95407,12871,78,12793
95409,11870,165,11705
95410,412,2422,-2010
95412,161,132,29
95415,433,1343,-910
95417,95,178,-83
95419,162,8166,-8004
95420,85,17536,-17451
95421,726,11427,-10701
95422,6136,557,5579
95423,1528,4678,-3150
95425,4585,19427,-14842
95426,644,0,644
95427,223,9724,-9501
95428,973,6064,-5091
95429,70,12016,-11946
95430,15,10480,-10465
95431,0,13317,-13317
95432,276,12020,-11744
95435,89,7167,-7078
95436,2644,6215,-3571
95437,6438,13342,-6904
95439,169,5592,-5423
95441,701,16248,-15547
95442,1161,11089,-9928
95443,36,4937,-4901
95444,219,14568,-14349
95445,955,18593,-17638
95446,2336,13831,-11495
95448,6724,11575,-4851
95449,493,1729,-1236
95450,84,21911,-21827
95451,4767,14806,-10039
95452,623,1872,-1249
95453,4638,6222,-1584
95454,924,13107,-12183
95456,419,12369,-11950
95457,1368,7343,-5975
95458,1359,11905,-10546
95459,313,12635,-12322
95460,1070,18227,-17157
95461,1322,15769,-14447
95462,592,14434,-13842
95463,35,10997,-10962
95464,921,13770,-12849
95465,603,10942,-10339
95466,310,7983,-7673
95467,2244,9578,-7334
95468,547,13096,-12549
95469,615,518,97
95470,2096,2257,-161
95471,388,443,-55
95472,11767,1010,10757
95476,15163,52,15111
95480,5,17038,-17033
95482,11329,86,11243
95485,1199,8794,-7595
95486,35,7471,-7436
95488,103,1147,-1044
95490,5578,74,5504
95492,9771,147,9624
95493,46,435,-389
95494,42,146,-104
95497,583,432,151
95501,9787,618,9169
95503,9567,475,9092
95511,57,86,-29
95514,59,3315,-3256
95519,7259,1992,5267
95521,8351,10746,-2395
95524,669,80,589
95525,698,933,-235
95526,210,755,-545
95527,197,4025,-3828
95528,578,1548,-970
95531,7688,368,7320
95536,1158,4874,-3716
95537,126,624,-498
95538,438,4614,-4176
95540,5638,1475,4163
95542,1137,147,990
95543,232,3076,-2844
95545,84,304,-220
95546,913,0,913
95547,486,1973,-1487
95548,383,330,53
95549,393,636,-243
95550,64,377,-313
95551,620,2515,-1895
95552,240,1046,-806
95553,359,5549,-5190
95554,176,3520,-3344
95555,120,0,120
95556,271,1258,-987
95558,135,5477,-5342
95559,0,424,-424
95560,623,649,-26
95562,1381,308,1073
95563,293,2031,-1738
95564,201,1983,-1782
95565,274,2032,-1758
95567,790,1148,-358
95568,46,18817,-18771
95569,106,20722,-20616
95570,1071,4039,-2968
95571,47,12844,-12797
95573,581,18706,-18125
95585,194,26,168
95587,36,4877,-4841
95589,654,288,366
95595,112,3479,-3367
95601,138,222,-84
95602,7290,574,6716
95603,11825,87,11738
95604,23,6412,-6389
95605,4924,307,4617
95606,91,965,-874
95607,94,648,-554
95608,25840,11301,14539
95610,17254,2791,14463
95612,523,6938,-6415
95613,53,3728,-3675
95614,1797,250,1547
95615,342,145,197
95616,18126,871,17255
95618,9708,309,9399
95619,2513,825,1688
95620,7379,358,7021
95621,16495,977,15518
95623,1606,407,1199
95624,20205,7256,12949
95625,119,45,74
95626,1934,888,1046
95627,1209,727,482
95628,16594,2317,14277
95629,305,1871,-1566
95630,27236,319,26917
95631,2552,4587,-2035
95632,10076,815,9261
95633,1266,343,923
95634,1842,219,1623
95635,369,552,-183
95636,497,306,191
95637,56,570,-514
95638,828,1001,-173
95639,70,1170,-1100
95640,3819,3782,37
95641,741,1873,-1132
95642,2915,5895,-2980
95645,467,220,247
95646,89,1652,-1563
95648,20372,1744,18628
95650,5467,1166,4301
95651,201,395,-194
95652,318,2333,-2015
95653,166,1062,-896
95655,1545,8563,-7018
95658,2325,12536,-10211
95659,316,171,145
95660,10831,56,10775
95661,12829,15384,-2555
95662,12767,14411,-1644
95663,1092,3789,-2697
95664,395,154,241
95665,1851,246,1605
95666,2441,114,2327
95667,14514,238,14276
95668,196,3020,-2824
95669,982,351,631
95670,21713,390,21323
95671,39,138,-99
95672,2084,263,1821
95673,5154,160,4994
95674,269,0,269
95675,157,561,-404
95676,41,2572,-2531
95677,10223,656,9567
95678,17322,847,16475
95679,64,840,-776
95680,0,16739,-16739
95681,336,10604,-10268
95682,11621,3459,8162
95683,2564,18703,-16139
95684,1309,11133,-9824
95685,2214,267,1947
95686,387,2413,-2026
95687,22424,5055,17369
95688,13909,1847,12062
95689,562,14649,-14087
95690,711,13932,-13221
95691,14086,3224,10862
95692,1721,189,1532
95693,2475,969,1506
95694,3299,144,3155
95695,14578,2363,12215
95697,105,422,-317
95698,138,3212,-3074
95699,7,739,-732
95701,391,1523,-1132
95703,820,3629,-2809
95709,2546,409,2137
95713,3748,412,3336
95714,157,1051,-894
95715,21,9664,-9643
95717,73,12121,-12048
95720,47,8,39
95721,0,37,-37
95722,1873,151,1722
95726,3342,241,3101
95728,139,942,-803
95735,24,1367,-1343
95736,57,73,-16
95742,4030,109,3921
95746,7945,367,7578
95747,25949,2273,23676
95757,14578,455,14123
95758,22152,487,21665
95762,15688,65,15623
95765,13911,182,13729
95776,7977,241,7736
95811,4079,51,4028
95814,6777,266,6511
95815,9634,281,9353
95816,10574,68,10506
95817,6558,488,6070
95818,10404,25039,-14635
95819,8112,16139,-8027
95820,13625,2499,11126
95821,15809,68,15741
95822,16651,53,16598
95823,24311,21,24290
95824,9144,1959,7185
95825,16086,151,15935
95826,16045,44,16001
95827,7407,124,7283
95828,17895,153,17742
95829,9157,63,9094
95830,202,319,-117
95831,18969,1068,17901
95832,3237,71,3166
95833,15582,51,15531
95834,11682,178,11504
95835,14342,750,13592
95837,106,4749,-4643
95838,11671,4429,7242
95841,8225,169,8056
95842,11884,41,11843
95843,15020,7,15013
95864,9891,930,8961
95901,12615,7683,4932
95903,357,13037,-12680
95910,65,27,38
95912,1406,2517,-1111
95913,96,2807,-2711
95914,254,1007,-753
95915,0,7774,-7774
95916,486,301,185
95917,1293,375,918
95918,820,477,343
95919,529,5370,-4841
95920,102,23,79
95922,265,1141,-876
95923,39,15,24
95925,105,468,-363
95926,17314,488,16826
95928,15690,692,14998
95929,0,138,-138
95930,176,337,-161
95932,3002,937,2065
95934,60,1235,-1175
95935,165,312,-147
95936,56,365,-309
95937,515,478,37
95938,1408,139,1269
95939,180,921,-741
95941,119,37,82
95942,863,9311,-8448
95943,247,185,62
95944,64,51,13
95945,11680,156,11524
95946,3563,66,3497
95947,689,245,444
95948,3821,1274,2547
95949,7914,1210,6704
95950,205,890,-685
95951,814,94,720
95953,3244,6902,-3658
95954,4377,200,4177
95955,507,191,316
95956,196,47,149
95957,285,4326,-4041
95958,0,115,-115
95959,7577,534,7043
95960,276,303,-27
95961,9437,742,8695
95962,454,490,-36
95963,5710,235,5475
95965,7704,68,7636
95966,11923,157,11766
95968,507,948,-441
95969,4113,398,3715
95970,192,116,76
95971,2145,91,2054
95972,54,1850,-1796
95973,15175,949,14226
95974,51,68,-17
95975,730,598,132
95977,688,482,206
95978,36,229,-193
95979,163,74,89
95981,18,72,-54
95982,1115,79,1036
95983,174,115,59
95984,94,239,-145
95986,35,34,1
95987,1871,10,1861
95988,2805,271,2534
95991,14445,31,14414
95993,12585,1846,10739
96001,13369,5961,7408
96002,12688,1545,11143
96003,18350,8,18342
96006,216,11248,-11032
96007,9531,13148,-3617
96008,441,17480,-17039
96009,143,13624,-13481
96010,14,7454,-7440
96011,87,13464,-13377
96013,1600,10988,-9388
96014,66,9120,-9054
96015,80,1833,-1753
96016,133,12422,-12289
96017,84,19758,-19674
96019,4050,2458,1592
96020,1155,3690,-2535
96021,5379,8219,-2840
96022,5720,9891,-4171
96023,502,8492,-7990
96024,319,17437,-17118
96025,959,2117,-1158
96027,844,14424,-13580
96028,607,10953,-10346
96029,59,7867,-7808
96031,29,10047,-10018
96032,1031,10700,-9669
96033,174,11188,-11014
96034,159,12404,-12245
96035,1483,14842,-13359
96037,43,18266,-18223
96038,259,13803,-13544
96039,414,10258,-9844
96040,38,11362,-11324
96041,1095,1007,88
96044,453,9335,-8882
96046,54,14983,-14929
96047,354,8262,-7908
96048,401,5605,-5204
96050,245,2228,-1983
96051,575,48,527
96052,611,1437,-826
96054,121,24560,-24439
96055,1588,7767,-6179
96056,542,8890,-8348
96057,495,12698,-12203
96058,200,5314,-5114
96059,182,15889,-15707
96061,0,13097,-13097
96062,410,4216,-3806
96063,76,183,-107
96064,1799,4903,-3104
96065,151,8524,-8373
96067,3655,8174,-4519
96068,19,6819,-6800
96069,459,4949,-4490
96071,10,11483,-11473
96073,1903,14443,-12540
96074,33,7239,-7206
96075,176,13881,-13705
96076,84,22553,-22469
96078,0,6674,-6674
96080,12031,15604,-3573
96084,258,9493,-9235
96085,7,11450,-11443
96086,114,7808,-7694
96087,313,12207,-11894
96088,2221,9325,-7104
96090,209,10327,-10118
96091,338,20347,-20009
96092,91,11386,-11295
96093,1695,13478,-11783
96094,2855,15565,-12710
96096,333,10855,-10522
96097,4165,8503,-4338
96101,2041,15698,-13657
96103,681,17461,-16780
96104,398,9240,-8842
96105,174,19800,-19626
96106,203,213,-10
96107,341,6897,-6556
96108,54,11721,-11667
96109,414,9326,-8912
96110,13,3972,-3959
96111,14,0,14
96112,93,13292,-13199
96113,411,0,411
96114,1311,21,1290
96115,67,7815,-7748
96116,31,11405,-11374
96117,99,0,99
96118,569,7718,-7149
96119,12,9157,-9145
96120,326,9510,-9184
96121,112,0,112
96122,1728,12744,-11016
96123,25,9472,-9447
96124,111,12313,-12202
96125,76,13427,-13351
96126,66,16369,-16303
96128,250,3918,-3668
96129,158,0,158
96130,4967,18940,-13973
96132,10,258,-248
96133,129,8879,-8750
96134,676,26,650
96135,60,15080,-15020
96136,17,158,-141
96137,1471,19198,-17727
96140,592,16306,-15714
96141,257,12359,-12102
96142,374,6669,-6295
96143,1467,1496,-29
96145,1157,5625,-4468
96146,498,30,468
96148,293,2723,-2430
96150,12461,1586,10875
96155,0,30,-30
96161,7193,3179,4014
96701,14364,1140,13224
96703,761,820,-59
96704,2925,210,2715
96705,684,1208,-524
96706,21944,1815,20129
96707,14993,3036,11957
96708,4013,8178,-4165
96710,135,2103,-1968
96712,2594,4002,-1408
96713,371,1814,-1443
96714,413,3117,-2704
96716,759,985,-226
96717,1339,99,1240
96719,434,213,221
96720,17038,1827,15211
96722,925,10991,-10066
96725,1496,2359,-863
96726,9,1201,-1192
96727,1511,524,987
96728,155,36,119
96729,388,6581,-6193
96730,526,1444,-918
96731,831,209,622
96732,7908,16657,-8749
96734,16599,9547,7052
96737,1740,8491,-6751
96738,2841,10582,-7741
96740,14272,6386,7886
96741,1950,7793,-5843
96742,31,162,-131
96743,4662,15423,-10761
96744,17150,0,17150
96746,6715,325,6390
96747,284,180,104
96748,1390,665,725
96749,6234,6418,-184
96750,1246,246,1000
96751,44,9107,-9063
96752,1044,113,931
96753,10853,94,10759
96754,1198,11996,-10798
96755,1215,7946,-6731
96756,2033,2306,-273
96757,241,808,-567
96759,85,9390,-9305
96760,1332,47,1285
96761,7272,423,6849
96762,1072,470,602
96763,1183,183,1000
96764,220,8118,-7898
96765,212,9930,-9718
96766,4841,12616,-7775
96768,6303,29,6274
96769,78,1104,-1026
96770,192,666,-474
96771,2386,5083,-2697
96772,990,230,760
96773,80,813,-733
96774,85,238,-153
96776,518,3033,-2515
96777,605,3588,-2983
96778,5838,3816,2022
96779,877,113,764
96780,250,2238,-1988
96781,459,5768,-5309
96782,11909,1260,10649
96783,594,9702,-9108
96785,2132,360,1772
96786,13654,2666,10988
96789,18794,8490,10304
96790,3206,1522,1684
96791,2377,1203,1174
96792,13426,563,12863
96793,9722,170,9552
96795,2278,3607,-1329
96796,727,1699,-972
96797,19971,145,19826
96813,11577,536,11041
96814,11795,0,11795
96815,14584,3006,11578
96816,17881,277,17604
96817,19058,764,18294
96818,18992,480,18512
96819,11778,447,11331
96820,0,1851,-1851
96821,6600,4065,2535
96822,18842,696,18146
96825,10759,9756,1003
96826,14621,5690,8931
96848,0,0,0
96850,0,2247,-2247
96853,0,13541,-13541
96857,0,10165,-10165
96858,0,7269,-7269
96859,0,11515,-11515
96860,0,8408,-8408
96863,0,9251,-9251
97001,43,8826,-8783
97002,2282,13504,-11222
97003,10364,8809,1555
97004,1683,843,840
97005,11355,906,10449
97006,17945,1689,16256
97007,18399,177,18222
97008,12367,12344,23
97009,3127,8314,-5187
97011,344,198,146
97013,8952,14439,-5487
97014,668,2418,-1750
97015,9109,4053,5056
97016,2728,15224,-12496
97017,1168,1224,-56
97018,703,460,243
97019,1151,197,954
97020,399,3135,-2736
97021,593,4011,-3418
97022,1350,10509,-9159
97023,3983,9395,-5412
97024,4797,9492,-4695
97026,1013,8680,-7667
97027,4870,7264,-2394
97028,111,9113,-9002
97029,118,12,106
97030,15399,3677,11722
97031,7364,25,7339
97032,1690,7569,-5879
97033,31,3900,-3869
97034,8272,0,8272
97035,10931,3551,7380
97037,394,11,383
97038,5979,1847,4132
97039,169,2170,-2001
97040,614,12580,-11966
97041,947,10815,-9868
97042,993,3828,-2835
97045,20489,0,20489
97048,2839,2875,-36
97049,879,11321,-10442
97050,105,6031,-5926
97051,6262,11426,-5164
97053,1433,12861,-11428
97054,622,16617,-15995
97055,6841,12761,-5920
97056,4529,14824,-10295
97057,8,7630,-7622
97058,8123,11135,-3012
97060,7042,11974,-4932
97062,11112,8018,3094
97063,412,8419,-8007
97064,1304,1139,165
97065,288,98,190
97067,882,70,812
97068,11303,3898,7405
97070,10579,232,10347
97071,10204,9198,1006
97078,8761,8858,-97
97080,16361,300,16061
97086,11589,224,11365
97089,4795,68,4727
97101,1398,831,567
97102,172,106,66
97103,6989,3731,3258
97106,1791,179,1612
97107,959,0,959
97108,227,1152,-925
97109,195,692,-497
97110,595,1150,-555
97111,1340,4818,-3478
97112,841,185,656
97113,4869,147,4722
97114,1558,1190,368
97115,1324,57,1267
97116,10070,0,10070
97117,306,65,241
97118,305,99,206
97119,1783,3316,-1533
97121,544,1079,-535
97122,125,171,-46
97123,16404,908,15496
97124,20796,2887,17909
97125,24,1565,-1541
97127,1473,135,1338
97128,14342,286,14056
97130,365,90,275
97131,1248,1828,-580
97132,11376,2876,8500
97133,2100,4970,-2870
97134,65,3589,-3524
97135,538,156,382
97136,956,343,613
97137,376,47,329
97138,4971,13256,-8285
97140,9074,216,8858
97141,5261,848,4413
97144,72,257,-185
97145,117,908,-791
97146,2891,2662,229
97147,208,106,102
97148,1097,1472,-375
97149,245,753,-508
97201,9138,316,8822
97202,18265,1085,17180
97203,12660,2684,9976
97204,431,7707,-7276
97205,5720,957,4763
97206,21338,41,21297
97208,0,378,-378
97209,13794,11036,2758
97210,6647,512,6135
97211,14188,2959,11229
97212,11333,9528,1805
97213,14289,1135,13154
97214,14412,3652,10760
97215,7335,1073,6262
97216,6986,196,6790
97217,15276,135,15141
97218,6058,87,5971
97219,18306,477,17829
97220,11525,214,11311
97221,5339,3223,2116
97222,15798,179,15619
97223,20306,624,19682
97224,15509,2406,13103
97225,11686,9595,2091
97227,3257,155,3102
97229,26324,2939,23385
97230,15825,1685,14140
97231,1567,19703,-18136
97232,8245,713,7532
97233,13833,540,13293
97236,13284,343,12941
97239,9239,1947,7292
97258,0,0,0
97266,13035,5619,7416
97267,12857,229,12628
97301,19615,243,19372
97302,16562,549,16013
97303,14709,128,14581
97304,13149,1289,11860
97305,14299,329,13970
97306,13032,335,12697
97310,0,318,-318
97317,8339,5331,3008
97321,11009,17143,-6134
97322,13918,11619,2299
97324,541,5714,-5173
97325,2212,9101,-6889
97326,356,9363,-9007
97327,1322,43,1279
97329,18,7866,-7848
97330,18479,2090,16389
97331,0,198,-198
97333,9974,3781,6193
97335,44,1880,-1836
97336,22,18424,-18402
97338,8820,12860,-4040
97341,1779,9693,-7914
97342,47,9657,-9610
97343,149,6799,-6650
97344,653,15323,-14670
97345,230,10603,-10373
97346,338,37,301
97347,548,1147,-599
97348,630,1080,-450
97350,79,199,-120
97351,3336,2648,688
97352,2063,2476,-413
97355,12435,224,12211
97357,138,80,58
97358,1045,186,859
97360,882,878,4
97361,4156,3655,501
97362,1481,102,1379
97364,257,2656,-2399
97365,4749,224,4525
97366,873,677,196
97367,4824,180,4644
97368,1318,238,1080
97369,81,1249,-1168
97370,3586,57,3529
97371,330,88,242
97373,0,79,-79
97374,1936,180,1756
97375,453,14428,-13975
97376,573,1957,-1384
97377,319,3392,-3073
97378,2974,440,2534
97380,845,1796,-951
97381,5799,64,5735
97383,3828,416,3412
97384,45,551,-506
97385,1443,3667,-2224
97386,5802,624,5178
97388,373,535,-162
97389,702,1652,-950
97390,372,7,365
97391,2320,2,2318
97392,1953,2568,-615
97394,2397,1028,1369
97396,1424,1239,185
97401,22239,702,21537
97402,22307,139,22168
97403,4491,143,4348
97404,13352,919,12433
97405,19432,9659,9773
97406,138,16815,-16677
97408,6055,5051,1004
97410,253,13986,-13733
97411,3437,127,3310
97412,232,2324,-2092
97413,455,260,195
97414,58,219,-161
97415,6583,12025,-5442
97416,370,0,370
97417,1048,4395,-3347
97419,393,1287,-894
97420,11988,357,11631
97423,2887,451,2436
97424,7396,935,6461
97426,3999,1772,2227
97429,347,1623,-1276
97430,169,446,-277
97431,739,78,661
97432,17,357,-340
97434,293,421,-128
97435,984,5773,-4789
97436,313,275,38
97437,934,6427,-5493
97438,446,216,230
97439,7628,990,6638
97441,155,3423,-3268
97442,1006,69,937
97443,947,3724,-2777
97444,2627,615,2012
97446,2092,2039,53
97447,233,1495,-1262
97448,5817,1937,3880
97449,892,6607,-5715
97450,273,2810,-2537
97451,148,4012,-3864
97452,594,247,347
97453,342,1667,-1325
97454,395,823,-428
97455,901,464,437
97456,1188,692,496
97457,3949,4607,-658
97458,1997,69,1928
97459,5900,85,5815
97461,377,3700,-3323
97462,1758,82,1676
97463,1696,3495,-1799
97465,1030,2915,-1885
97466,464,104,360
97467,2430,1613,817
97469,1014,3144,-2130
97470,8396,2484,5912
97471,12587,737,11850
97473,124,441,-317
97476,152,331,-179
97477,16180,330,15850
97478,14831,339,14492
97479,4491,97,4394
97480,145,491,-346
97481,375,4885,-4510
97484,88,47,41
97486,271,220,51
97487,3610,628,2982
97488,447,185,262
97489,439,202,237
97490,148,29,119
97492,443,2145,-1702
97493,159,542,-383
97494,33,1674,-1641
97495,858,248,610
97496,2720,5152,-2432
97497,689,480,209
97498,921,675,246
97499,732,250,482
97501,18869,323,18546
97502,10811,501,10310
97503,4554,62,4492
97504,19779,1514,18265
97520,12200,549,11651
97522,227,116,111
97523,2923,275,2648
97524,6006,453,5553
97525,2081,168,1913
97526,15115,318,14797
97527,14563,324,14239
97530,3405,88,3317
97531,99,752,-653
97532,981,258,723
97534,358,76,282
97535,2123,17,2106
97536,470,146,324
97537,2801,406,2395
97538,732,481,251
97539,1402,138,1264
97540,3689,2179,1510
97541,587,264,323
97543,262,30,232
97544,889,32,857
97601,9737,69,9668
97603,12283,991,11292
97604,0,74,-74
97620,27,116,-89
97621,110,57,53
97622,162,101,61
97623,1142,261,881
97624,1653,4,1649
97625,62,307,-245
97626,82,3475,-3393
97627,182,323,-141
97630,2048,216,1832
97632,533,586,-53
97633,475,49,426
97634,135,524,-389
97635,75,10877,-10802
97636,186,0,186
97637,62,1439,-1377
97638,170,253,-83
97639,21,1028,-1007
97640,54,450,-396
97641,770,472,298
97701,16711,606,16105
97702,20521,38,20483
97703,13316,61,13255
97707,3066,217,2849
97709,0,378,-378
97710,37,714,-677
97711,26,555,-529
97712,22,6444,-6422
97720,1784,7584,-5800
97721,81,8859,-8778
97722,10,3788,-3778
97730,118,17720,-17602
97731,196,14216,-14020
97732,60,12040,-11980
97733,256,19647,-19391
97734,1188,7970,-6782
97735,65,9892,-9827
97736,23,6811,-6788
97737,200,5780,-5580
97738,931,12767,-11836
97739,5377,7918,-2541
97741,4345,20386,-16041
97750,152,3242,-3090
97751,31,207,-176
97752,0,117,-117
97753,1150,1208,-58
97754,8711,3382,5329
97756,16570,1125,15445
97758,30,1587,-1557
97759,3305,58,3247
97760,3166,231,2935
97761,908,25,883
97801,7523,162,7361
97810,380,18054,-17674
97812,311,10439,-10128
97813,584,3878,-3294
97814,5174,262,4912
97817,6,756,-750
97818,1479,4826,-3347
97819,17,82,-65
97820,462,110,352
97823,583,1037,-454
97824,735,537,198
97825,135,1886,-1751
97826,443,4360,-3917
97827,1057,10894,-9837
97828,1395,4721,-3326
97830,316,8660,-8344
97833,289,148,141
97834,526,1014,-488
97835,168,52,116
97836,877,449,428
97837,52,719,-667
97838,9170,15188,-6018
97839,125,0,125
97840,48,118,-70
97841,190,125,65
97842,56,586,-530
97843,339,8353,-8014
97844,1254,7567,-6313
97845,1139,8749,-7610
97846,1018,5983,-4965
97848,87,14457,-14370
97850,6837,1245,5592
97856,216,1936,-1720
97857,229,13846,-13617
97859,89,12673,-12584
97862,4359,0,4359
97864,150,0,150
97865,532,7974,-7442
97867,402,6935,-6533
97868,660,6714,-6054
97869,415,4222,-3807
97870,294,0,294
97873,108,152,-44
97874,159,47,112
97875,1047,21,1026
97876,350,24,326
97877,163,31,132
97880,151,107,44
97882,2112,138,1974
97883,1007,94,913
97884,72,20,52
97885,571,149,422
97886,338,60,278
97901,260,1225,-965
97902,6,227,-221
97903,16,35,-19
97904,120,2072,-1952
97905,63,77,-14
97906,89,184,-95
97907,274,36,238
97908,10,31,-21
97909,7,108,-101
97910,179,3168,-2989
97911,32,108,-76
97913,1610,23,1587
97914,5927,33,5894
97917,14,129,-115
97918,1602,342,1260
97920,13,906,-893
98001,11820,33,11787
98002,14012,800,13212
98003,18988,8943,10045
98004,18125,75,18050
98005,8732,17,8715
98006,13782,46,13736
98007,11770,191,11579
98008,9233,12,9221
98010,2280,91,2189
98011,11133,290,10843
98012,26731,953,25778
98014,2842,392,2450
98019,3903,83,3820
98020,8762,49,8713
98021,11809,33,11776
98022,8697,62,8635
98023,17896,3971,13925
98024,1976,246,1730
98025,0,52,-52
98026,15357,137,15220
98027,11294,53,11241
98028,9266,108,9158
98029,12362,895,11467
98030,13134,5944,7190
98031,13716,127,13589
98032,14195,161,14034
98033,16773,149,16624
98034,20706,4116,16590
98036,15091,138,14953
98037,10705,146,10559
98038,12733,54,12679
98039,1054,44,1010
98040,9758,34,9724
98042,16602,62,16540
98043,8616,152,8464
98045,5704,99,5605
98047,2293,89,2204
98050,0,134,-134
98051,1560,170,1390
98052,30181,223,29958
98053,8458,92,8366
98055,9351,99,9252
98056,14449,133,14316
98057,5951,18,5933
98058,15449,371,15078
98059,14319,53,14266
98065,5200,96,5104
98068,295,84,211
98070,4579,117,4462
98072,9748,8366,1382
98074,9811,15,9796
98075,8241,37,8204
98077,4636,34,4602
98087,15403,115,15288
98092,17170,17,17153
98101,10127,1496,8631
98102,15755,60,15695
98103,25283,17975,7308
98104,8299,143,8156
98105,16760,7,16753
98106,11227,73,11154
98107,14647,209,14438
98108,8367,89,8278
98109,18072,151,17921
98110,9824,202,9622
98112,10938,102,10836
98115,22557,223,22334
98116,12698,1683,11015
98117,14802,22,14780
98118,17853,36,17817
98119,13726,25,13701
98121,13659,35,13624
98122,21383,5635,15748
98125,19336,31,19305
98126,9928,109,9819
98133,22365,1446,20919
98134,246,538,-292
98136,7829,624,7205
98144,14195,23,14172
98146,10306,207,10099
98148,4117,86,4031
98154,0,87,-87
98155,13790,77,13713
98158,0,148,-148
98164,157,214,-57
98166,9131,220,8911
98168,12220,696,11524
98174,0,1464,-1464
98177,7994,1069,6925
98178,9531,259,9272
98188,10873,61,10812
98195,0,22,-22
98198,14376,25,14351
98199,10186,124,10062
98201,13316,549,12767
98203,13876,0,13876
98204,16975,8051,8924
98207,0,676,-676
98208,21887,1627,20260
98220,191,0,191
98221,10075,8054,2021
98222,60,0,60
98223,16673,12216,4457
98224,102,4476,-4374
98225,21943,493,21450
98226,18890,48,18842
98229,13483,86,13397
98230,7902,50,7852
98232,1590,1218,372
98233,6532,34,6498
98235,144,40,104
98236,2478,96,2382
98237,1778,88,1690
98238,45,65,-20
98239,3368,0,3368
98240,1199,28,1171
98241,849,0,849
98243,145,30,115
98244,1294,1595,-301
98245,1978,73,1905
98247,2948,93,2855
98248,9069,246,8823
98249,2051,189,1862
98250,3946,162,3784
98251,1929,425,1504
98252,3879,89,3790
98253,1192,24,1168
98255,127,96,31
98256,137,71,66
98257,2107,61,2046
98258,17359,98,17261
98260,2784,94,2690
98261,1454,23,1431
98262,486,943,-457
98263,69,79,-10
98264,7946,51,7895
98266,1497,115,1382
98267,133,27,106
98270,18949,7,18942
98271,10858,69,10789
98272,9667,64,9603
98273,11556,308,11248
98274,6850,106,6744
98275,8304,1429,6875
98276,517,155,362
98277,15943,120,15823
98278,0,87,-87
98279,364,214,150
98280,199,9,190
98281,636,75,561
98282,7286,132,7154
98283,179,163,16
98284,10158,61,10097
98286,87,148,-61
98288,91,68,23
98290,14045,18,14027
98292,8700,127,8573
98294,2556,49,2507
98295,1020,103,917
98296,9172,75,9097
98297,42,607,-565
98303,811,64,747
98304,440,164,276
98305,141,38,103
98310,9048,54,8994
98311,10021,83,9938
98312,12812,54,12758
98314,28,20,8
98315,1074,108,966
98320,678,20,658
98321,6056,66,5990
98323,242,11296,-11054
98325,712,183,529
98326,369,1027,-658
98327,4108,28,4080
98328,3710,260,3450
98329,4087,1192,2895
98330,11,331,-320
98331,2176,191,1985
98332,7198,50,7148
98333,1371,1472,-101
98335,10785,3623,7162
98336,257,8,249
98337,3530,395,3135
98338,10802,86,10716
98339,1426,5367,-3941
98340,1545,2,1543
98342,611,73,538
98345,162,276,-114
98346,3865,819,3046
98349,2084,160,1924
98350,92,49,43
98351,596,309,287
98353,17,554,-537
98354,3212,51,3161
98355,297,1158,-861
98356,911,0,911
98357,517,0,517
98358,439,0,439
98359,1868,0,1868
98360,5045,0,5045
98361,316,0,316
98362,10731,0,10731
98363,5961,0,5961
98364,20,0,20
98365,2432,0,2432
98366,14047,0,14047
98367,11448,0,11448
98368,8363,0,8363
98370,12893,0,12893
98371,8840,0,8840
98372,10544,0,10544
98373,10504,0,10504
98374,14501,0,14501
98375,10017,0,10017
98376,891,0,891
98377,965,0,965
98380,1935,0,1935
98381,96,0,96
98382,14109,0,14109
98383,8798,0,8798
98385,191,0,191
98387,16364,0,16364
98388,2712,0,2712
98390,4575,0,4575
98391,19173,0,19173
98392,1370,0,1370
98394,418,0,418
98396,244,0,244
98402,3897,0,3897
98403,4292,0,4292
98404,12254,0,12254
98405,10106,0,10106
98406,9918,0,9918
98407,9559,0,9559
98408,8121,0,8121
98409,11351,0,11351
98416,0,0,0
98418,4055,0,4055
98421,12,0,12
98422,7903,0,7903
98424,4395,0,4395
98430,0,0,0
98433,4268,0,4268
98438,12,0,12
98439,2128,0,2128
98443,2155,0,2155
98444,12964,0,12964
98445,11689,0,11689
98446,4489,0,4489
98447,0,0,0
98465,3498,0,3498
98466,11868,0,11868
98467,6147,0,6147
98498,11362,0,11362
98499,13635,0,13635
98501,18315,0,18315
98502,14483,0,14483
98503,17195,0,17195
98505,0,0,0
98506,8561,0,8561
98512,12356,0,12356
98513,13284,0,13284
98516,10502,0,10502
98520,8304,0,8304
98524,1691,0,1691
98526,76,0,76
98527,131,0,131
98528,4856,0,4856
98530,183,0,183
98531,10499,0,10499
98532,9578,0,9578
98533,255,0,255
98535,314,0,314
98536,0,0,0
98537,966,0,966
98538,164,0,164
98539,65,0,65
98541,4076,0,4076
98542,210,0,210
98544,16,0,16
98546,1326,0,1326
98547,692,0,692
98548,1125,0,1125
98550,4893,0,4893
98552,85,0,85
98555,267,0,267
98556,0,0,0
98557,1357,0,1357
98558,0,0,0
98559,0,0,0
98560,45,0,45
98562,43,0,43
98563,3082,0,3082
98564,1130,0,1130
98565,93,0,93
98566,108,0,108
98568,1102,0,1102
98569,3619,0,3619
98570,1691,0,1691
98571,77,0,77
98572,338,0,338
98575,47,0,47
98576,1848,0,1848
98577,2813,0,2813
98579,5010,0,5010
98580,4267,0,4267
98581,246,0,246
98582,78,0,78
98583,42,0,42
98584,13675,0,13675
98585,325,0,325
98586,707,0,707
98587,287,0,287
98588,716,0,716
98589,2922,0,2922
98590,242,0,242
98591,1551,0,1551
98592,690,0,690
98593,475,0,475
98595,1189,0,1189
98596,2525,0,2525
98597,9342,0,9342
98601,1070,0,1070
98602,82,0,82
98603,532,0,532
98604,12706,0,12706
98605,503,0,503
98606,3399,0,3399
98607,11902,0,11902
98609,0,0,0
98610,1154,0,1154
98611,3309,0,3309
98612,1346,0,1346
98613,200,0,200
98614,200,0,200
98616,56,0,56
98617,459,0,459
98619,257,0,257
98620,3360,0,3360
98621,104,0,104
98623,22,0,22
98624,580,0,580
98625,2725,0,2725
98626,10199,0,10199
98628,126,0,126
98629,2929,0,2929
98631,1564,0,1564
98632,20667,0,20667
98635,772,0,772
98638,631,0,631
98639,445,0,445
98640,2359,0,2359
98641,68,0,68
98642,8069,0,8069
98643,147,0,147
98644,385,0,385
98645,812,0,812
98647,142,0,142
98648,1282,0,1282
98649,281,0,281
98650,485,0,485
98651,460,0,460
98660,5849,0,5849
98661,20398,0,20398
98662,13308,0,13308
98663,6251,0,6251
98664,9053,0,9053
98665,10962,0,10962
98670,25,0,25
98671,8598,0,8598
98672,2815,0,2815
98673,185,0,185
98674,5195,0,5195
98675,2106,0,2106
98682,22605,0,22605
98683,13332,0,13332
98684,12451,0,12451
98685,11530,0,11530
98686,7541,0,7541
98801,16710,0,16710
98802,11389,0,11389
98811,45,0,45
98812,1672,0,1672
98813,807,0,807
98814,338,0,338
98815,2648,0,2648
98816,2437,0,2437
98817,63,0,63
98819,100,0,100
98821,377,0,377
98822,682,0,682
98823,4529,0,4529
98824,46,0,46
98826,3266,0,3266
98827,150,0,150
98828,760,0,760
98829,242,0,242
98830,246,0,246
98831,1355,0,1355
98832,62,0,62
98833,73,0,73
98834,110,0,110
98836,258,0,258
98837,16166,0,16166
98840,1890,0,1890
98841,3416,0,3416
98843,789,0,789
98844,2110,0,2110
98845,104,0,104
98846,418,0,418
98847,886,0,886
98848,3557,0,3557
98849,525,0,525
98850,594,0,594
98851,1743,0,1743
98852,10,0,10
98853,59,0,59
98855,2347,0,2347
98856,1057,0,1057
98857,1203,0,1203
98858,765,0,765
98859,37,0,37
98860,127,0,127
98862,1241,0,1241
98901,10890,0,10890
98902,16394,0,16394
98903,6046,0,6046
98908,14662,0,14662
98921,0,0,0
98922,3209,0,3209
98923,410,0,410
98925,267,0,267
98926,13441,0,13441
98930,4484,0,4484
98932,1362,0,1362
98933,398,0,398
98934,518,0,518
98935,1126,0,1126
98936,2160,0,2160
98937,1855,0,1855
98938,761,0,761
98939,31,0,31
98940,228,0,228
98941,332,0,332
98942,7017,0,7017
98943,360,0,360
98944,6578,0,6578
98946,143,0,143
98947,905,0,905
98948,3610,0,3610
98950,0,0,0
98951,3604,0,3604
98952,529,0,529
98953,2184,0,2184
99001,2035,0,2035
99003,1691,0,1691
99004,8272,0,8272
99005,3686,0,3686
99006,5100,0,5100
99008,164,0,164
99009,1668,0,1668
99011,814,0,814
99012,332,0,332
99013,512,0,512
99014,31,0,31
99016,7122,0,7122
99017,94,0,94
99018,117,0,117
99019,4375,0,4375
99020,0,0,0
99021,3533,0,3533
99022,3064,0,3064
99023,277,0,277
99025,2090,0,2090
99026,3166,0,3166
99027,2399,0,2399
99029,545,0,545
99030,306,0,306
99031,485,0,485
99032,317,0,317
99033,366,0,366
99034,121,0,121
99036,631,0,631
99037,5648,0,5648
99039,65,0,65
99040,335,0,335
99101,611,0,611
99102,267,0,267
99103,200,0,200
99105,13,0,13
99109,2073,0,2073
99110,659,0,659
99111,1594,0,1594
99113,231,0,231
99114,5009,0,5009
99115,510,0,510
99116,721,0,721
99117,200,0,200
99118,349,0,349
99119,696,0,696
99121,88,0,88
99122,1615,0,1615
99123,449,0,449
99124,117,0,117
99125,247,0,247
99126,271,0,271
99128,128,0,128
99129,294,0,294
99130,309,0,309
99131,80,0,80
99133,720,0,720
99134,253,0,253
99135,167,0,167
99136,11,0,11
99137,194,0,194
99138,406,0,406
99139,351,0,351
99140,220,0,220
99141,2512,0,2512
99143,346,0,346
99144,9,0,9
99146,27,0,27
99147,84,0,84
99148,1012,0,1012
99149,72,0,72
99150,111,0,111
99151,76,0,76
99152,70,0,70
99153,253,0,253
99154,12,0,12
99155,415,0,415
99156,3739,0,3739
99157,325,0,325
99158,225,0,225
99159,587,0,587
99160,48,0,48
99161,606,0,606
99163,12449,0,12449
99166,1225,0,1225
99167,333,0,333
99169,1108,0,1108
99170,393,0,393
99171,402,0,402
99173,582,0,582
99174,17,0,17
99176,96,0,96
99179,184,0,184
99180,314,0,314
99181,927,0,927
99185,534,0,534
99201,7643,0,7643
99202,7623,0,7623
99203,9138,0,9138
99204,3928,0,3928
99205,17730,0,17730
99206,16578,0,16578
99207,12814,0,12814
99208,22536,0,22536
99212,8507,0,8507
99216,11536,0,11536
99217,7519,0,7519
99218,5889,0,5889
99223,14353,0,14353
99224,9760,0,9760
99251,0,0,0
99258,0,0,0
99301,25147,0,25147
99320,3445,0,3445
99321,118,0,118
99322,214,0,214
99323,1339,0,1339
99324,3591,0,3591
99326,1300,0,1300
99328,1673,0,1673
99329,68,0,68
99330,275,0,275
99333,32,0,32
99335,56,0,56
99336,19474,0,19474
99337,11034,0,11034
99338,5857,0,5857
99341,238,0,238
99343,690,0,690
99344,5338,0,5338
99345,67,0,67
99346,132,0,132
99347,1039,0,1039
99348,520,0,520
99349,2148,0,2148
99350,4834,0,4834
99352,13688,0,13688
99353,5615,0,5615
99354,9836,0,9836
99356,80,0,80
99357,1033,0,1033
99359,87,0,87
99360,491,0,491
99361,723,0,723
99362,16124,0,16124
99363,32,0,32
99371,125,0,125
99401,155,0,155
99402,601,0,601
99403,8555,0,8555
99501,7348,0,7348
99502,9077,0,9077
99503,5854,0,5854
99504,15580,0,15580
99505,1006,0,1006
99506,2019,0,2019
99507,13213,0,13213
99508,12970,0,12970
99513,0,0,0
99515,7494,0,7494
99516,7327,0,7327
99517,6610,0,6610
99518,4172,0,4172
99519,0,0,0
99530,0,0,0
99540,195,0,195
99546,68,0,68
99547,8,0,8
99548,17,0,17
99549,24,0,24
99550,70,0,70
99551,104,0,104
99552,51,0,51
99553,57,0,57
99554,238,0,238
99555,41,0,41
99556,1189,0,1189
99557,211,0,211
99558,32,0,32
99559,2268,0,2268
99561,67,0,67
99563,134,0,134
99564,18,0,18
99565,11,0,11
99566,36,0,36
99567,2783,0,2783
99568,182,0,182
99569,18,0,18
99571,90,0,90
99572,85,0,85
99573,299,0,299
99574,840,0,840
99575,20,0,20
99576,799,0,799
99577,10122,0,10122
99578,137,0,137
99579,8,0,8
99580,18,0,18
99581,272,0,272
99583,28,0,28
99585,46,0,46
99586,163,0,163
99587,925,0,925
99588,390,0,390
99589,24,0,24
99590,70,0,70
99591,26,0,26
99602,94,0,94
99603,4346,0,4346
99604,174,0,174
99605,61,0,61
99606,89,0,89
99607,52,0,52
99608,8,0,8
99609,75,0,75
99610,793,0,793
99611,5405,0,5405
99612,342,0,342
99613,160,0,160
99614,114,0,114
99615,4190,0,4190
99620,236,0,236
99621,84,0,84
99622,97,0,97
99623,7213,0,7213
99624,17,0,17
99625,23,0,23
99626,59,0,59
99627,89,0,89
99628,159,0,159
99630,108,0,108
99631,111,0,111
99632,195,0,195
99633,141,0,141
99634,181,0,181
99635,0,0,0
99636,117,0,117
99637,177,0,177
99638,5,0,5
99639,504,0,504
99640,34,0,34
99641,147,0,147
99643,80,0,80
99644,51,0,51
99645,10623,0,10623
99647,9,0,9
99648,23,0,23
99649,24,0,24
99650,104,0,104
99651,3,0,3
99652,1551,0,1551
99653,23,0,23
99654,15472,0,15472
99655,210,0,210
99656,4,0,4
99657,19,0,19
99658,258,0,258
99659,55,0,55
99660,86,0,86
99661,397,0,397
99662,109,0,109
99663,199,0,199
99664,1611,0,1611
99665,11,0,11
99666,30,0,30
99667,58,0,58
99668,25,0,25
99669,6669,0,6669
99670,30,0,30
99671,151,0,151
99672,1475,0,1475
99674,593,0,593
99675,11,0,11
99676,664,0,664
99677,13,0,13
99678,220,0,220
99679,61,0,61
99680,159,0,159
99681,52,0,52
99682,138,0,138
99683,184,0,184
99684,169,0,169
99685,674,0,674
99686,1615,0,1615
99688,1100,0,1100
99689,216,0,216
99690,29,0,29
99691,63,0,63
99692,137,0,137
99693,124,0,124
99694,598,0,598
99695,0,0,0
99701,7199,0,7199
99702,965,0,965
99703,2093,0,2093
99704,0,0,0
99705,7775,0,7775
99706,10,0,10
99707,0,0,0
99709,11538,0,11538
99712,4829,0,4829
99714,437,0,437
99720,65,0,65
99721,73,0,73
99722,69,0,69
99723,1425,0,1425
99724,43,0,43
99725,314,0,314
99726,15,0,15
99727,124,0,124
99729,78,0,78
99730,49,0,49
99732,8,0,8
99733,17,0,17
99734,0,0,0
99736,35,0,35
99737,1347,0,1347
99738,67,0,67
99739,63,0,63
99740,235,0,235
99741,196,0,196
99742,114,0,114
99743,334,0,334
99744,50,0,50
99745,25,0,25
99746,68,0,68
99747,61,0,61
99748,69,0,69
99749,78,0,78
99750,157,0,157
99751,35,0,35
99752,874,0,874
99753,91,0,91
99754,35,0,35
99755,44,0,44
99756,19,0,19
99757,13,0,13
99758,50,0,50
99759,45,0,45
99760,245,0,245
99761,94,0,94
99762,1322,0,1322
99763,97,0,97
99764,73,0,73
99765,89,0,89
99766,203,0,203
99767,20,0,20
99768,66,0,66
99769,181,0,181
99770,142,0,142
99771,70,0,70
99772,148,0,148
99773,43,0,43
99774,4,0,4
99775,152,0,152
99776,23,0,23
99777,70,0,70
99778,75,0,75
99780,657,0,657
99781,35,0,35
99782,138,0,138
99783,75,0,75
99784,63,0,63
99785,137,0,137
99786,77,0,77
99788,36,0,36
99789,125,0,125
99790,17,0,17
99791,33,0,33
99801,11880,0,11880
99820,157,0,157
99824,1042,0,1042
99825,13,0,13
99826,195,0,195
99827,802,0,802
99829,275,0,275
99830,146,0,146
99832,37,0,37
99833,1211,0,1211
99835,3439,0,3439
99836,19,0,19
99840,390,0,390
99841,105,0,105
99850,0,0,0
99901,5487,0,5487
99903,1,0,1
99918,113,0,113
99919,263,0,263
99921,822,0,822
99922,121,0,121
99923,13,0,13
99925,345,0,345
99926,457,0,457
99927,11,0,11
99929,841,0,841
